03/02/2012 16:00:00	17.6	17.83	17.48	17.83	146376
06/02/2012 16:00:00	17.7	17.83	17.36	17.5	242555
07/02/2012 16:00:00	17.54	17.83	17.52	17.63	237603
08/02/2012 16:00:00	17.7	17.76	17.35	17.42	278747
09/02/2012 16:00:00	17.37	17.49	17.26	17.33	253675
10/02/2012 16:00:00	17.33	17.36	17.04	17.2	205367
13/02/2012 16:00:00	17.23	17.29	17.02	17.06	195535
14/02/2012 16:00:00	17.11	17.26	17.1	17.16	331204
15/02/2012 16:00:00	17.23	17.3	17.13	17.3	292714
16/02/2012 16:00:00	17.29	17.33	17.08	17.23	223468
17/02/2012 16:00:00	17.23	17.4	17.11	17.36	157828
21/02/2012 16:00:00	17.42	17.46	17.2	17.31	166004
22/02/2012 16:00:00	17.31	17.39	17.22	17.34	634676
23/02/2012 16:00:00	17.27	17.28	16.87	16.97	424009
24/02/2012 16:00:00	16.96	17.08	16.67	16.74	336044
27/02/2012 16:00:00	16.72	16.93	16.68	16.83	300000
28/02/2012 16:00:00	16.74	16.95	16.6	16.9	337382
29/02/2012 16:00:00	16.92	17.12	16.85	17.09	419358
01/03/2012 16:00:00	17	17.13	16.86	16.92	208046
02/03/2012 16:00:00	16.91	16.91	16.67	16.87	178002
05/03/2012 16:00:00	16.96	17.04	16.83	16.92	236293
06/03/2012 16:00:00	16.93	17.07	16.8	16.86	211750
07/03/2012 16:00:00	16.81	17	16.65	16.97	214832
08/03/2012 16:00:00	16.94	17.05	16.84	16.96	334966
09/03/2012 16:00:00	16.99	17.1	16.95	17.1	318748
12/03/2012 16:00:00	17.1	17.16	16.99	17.14	205037
13/03/2012 16:00:00	17.16	17.25	17.11	17.18	120402
14/03/2012 16:00:00	17.24	17.33	17.06	17.14	293928
15/03/2012 16:00:00	17.1	17.38	17.01	17.19	138747
16/03/2012 16:00:00	17.14	17.44	17.14	17.15	649360
19/03/2012 16:00:00	17.18	17.23	17.03	17.07	112407
20/03/2012 16:00:00	17.02	17.08	16.83	16.87	163118
21/03/2012 16:00:00	16.82	17.25	16.77	17.12	184036
22/03/2012 16:00:00	17.16	17.3	17.03	17.26	582674
23/03/2012 16:00:00	17.26	17.33	17.18	17.32	116033
26/03/2012 16:00:00	17.33	17.59	17.28	17.53	228646
27/03/2012 16:00:00	17.55	17.6	17.35	17.58	182348
28/03/2012 16:00:00	17.52	17.8	17.5	17.8	186318
29/03/2012 16:00:00	17.8	17.89	17.55	17.63	456407
30/03/2012 16:00:00	17.6	17.87	17.47	17.73	250224
02/04/2012 16:00:00	17.73	17.97	17.55	17.93	216993
03/04/2012 16:00:00	17.93	17.95	17.68	17.78	187755
04/04/2012 16:00:00	17.64	17.91	17.58	17.87	284577
05/04/2012 16:00:00	17.82	18.16	17.81	18.07	302105
09/04/2012 16:00:00	17.97	18.04	17.94	18	177439
10/04/2012 16:00:00	18	18.2	17.92	18.01	186881
11/04/2012 16:00:00	17.96	18.16	17.84	18.1	172515
12/04/2012 16:00:00	18.09	18.1	17.75	17.91	211993
13/04/2012 16:00:00	17.94	17.95	17.75	17.77	212868
16/04/2012 16:00:00	17.77	18.09	17.75	17.88	226745
17/04/2012 16:00:00	17.95	18.06	17.85	17.87	207565
18/04/2012 16:00:00	18.04	18.39	17.71	17.8	428630
19/04/2012 16:00:00	17.84	17.87	17.6	17.72	648103
20/04/2012 16:00:00	17.75	17.86	17.64	17.78	380492
23/04/2012 16:00:00	17.66	17.75	17.61	17.63	280310
24/04/2012 16:00:00	17.6	17.85	17.58	17.79	438546
25/04/2012 16:00:00	17.83	17.86	17.64	17.86	167540
26/04/2012 16:00:00	17.89	18.03	17.82	17.88	333589
27/04/2012 16:00:00	17.84	18.08	17.7	18.03	134789
30/04/2012 16:00:00	17.94	18.21	17.94	18.17	203709
01/05/2012 16:00:00	18.21	18.3	18.08	18.21	210367
02/05/2012 16:00:00	18.14	18.25	18.01	18.21	191308
03/05/2012 16:00:00	18.22	18.25	18	18.03	284705
04/05/2012 16:00:00	17.94	17.98	17.67	17.86	132178
07/05/2012 16:00:00	17.86	18.08	17.83	18.05	119472
08/05/2012 16:00:00	18.04	18.08	17.69	17.76	385964
09/05/2012 16:00:00	17.67	17.96	17.67	17.82	242307
10/05/2012 16:00:00	17.79	17.92	17.77	17.87	171417
11/05/2012 16:00:00	17.9	18	17.89	17.95	156447
14/05/2012 16:00:00	17.95	17.95	17.59	17.62	137614
15/05/2012 16:00:00	17.52	17.58	17.27	17.41	206605
16/05/2012 16:00:00	17.41	17.41	17.03	17.09	508036
17/05/2012 16:00:00	17.05	17.12	16.78	16.86	224872
18/05/2012 16:00:00	16.96	16.96	16.63	16.67	414460
22/05/2012 16:00:00	16.83	17.25	16.78	17.01	788295
23/05/2012 16:00:00	16.94	17.2	16.92	17.08	211697
24/05/2012 16:00:00	17.14	17.2	17.04	17.16	208107
25/05/2012 16:00:00	17.17	17.25	16.92	16.97	126098
28/05/2012 16:00:00	17	17	16.67	16.87	69002
29/05/2012 16:00:00	16.84	17.07	16.76	17.05	244412
30/05/2012 16:00:00	16.92	16.95	16.64	16.73	401261
31/05/2012 16:00:00	16.83	17.07	16.75	17	261397
01/06/2012 16:00:00	17	17	16.53	16.79	243506
04/06/2012 16:00:00	16.8	16.89	16.64	16.81	166995
05/06/2012 16:00:00	16.87	17	16.77	16.79	205627
06/06/2012 16:00:00	16.85	17	16.85	16.95	340394
07/06/2012 16:00:00	17.02	17.17	16.87	16.97	242334
08/06/2012 16:00:00	16.92	16.97	16.8	16.87	164007
11/06/2012 16:00:00	16.92	16.99	16.83	16.88	234167
12/06/2012 16:00:00	16.88	16.89	16.68	16.83	273209
13/06/2012 16:00:00	16.68	17	16.67	16.85	268496
14/06/2012 16:00:00	16.86	16.86	16.54	16.57	1091811
15/06/2012 16:00:00	16.6	16.94	16.57	16.82	807057
18/06/2012 16:00:00	16.77	17.04	16.74	16.99	172016
19/06/2012 16:00:00	17.07	17.54	17.05	17.3	319627
20/06/2012 16:00:00	17.13	17.28	17.04	17.14	243116
21/06/2012 16:00:00	17.13	17.16	16.92	16.95	178607
22/06/2012 16:00:00	17	17.17	16.98	17.16	97954
25/06/2012 16:00:00	17.06	17.24	17.01	17.08	234067
26/06/2012 16:00:00	17.09	17.24	17.04	17.11	715205
27/06/2012 16:00:00	17.2	17.47	17.2	17.44	150236
28/06/2012 16:00:00	17.37	17.49	17.25	17.48	202652
29/06/2012 16:00:00	17.67	17.67	17.35	17.38	164278
03/07/2012 16:00:00	17.39	17.83	17.36	17.63	175751
04/07/2012 16:00:00	17.31	17.83	17.31	17.73	57305
05/07/2012 16:00:00	17.66	17.87	17.42	17.42	284723
06/07/2012 16:00:00	17.39	17.46	17.29	17.33	115742
09/07/2012 16:00:00	17.34	17.41	17.24	17.41	187348
10/07/2012 16:00:00	17.42	17.46	17.19	17.29	387778
11/07/2012 16:00:00	17.32	17.64	17.3	17.54	248034
12/07/2012 16:00:00	17.54	17.61	17.46	17.51	129386
13/07/2012 16:00:00	17.51	17.9	17.46	17.87	289044
16/07/2012 16:00:00	17.88	17.99	17.81	17.91	226376
17/07/2012 16:00:00	17.95	18.16	17.95	18.14	227990
18/07/2012 16:00:00	18.14	18.4	18.13	18.29	420949
19/07/2012 16:00:00	18.23	18.4	18.13	18.19	299208
20/07/2012 16:00:00	18.19	18.37	18.16	18.28	111193
23/07/2012 16:00:00	18.2	18.25	17.89	18.07	205989
24/07/2012 16:00:00	18.07	18.15	18.07	18.09	87519
25/07/2012 16:00:00	18.09	18.09	17.72	17.74	136010
26/07/2012 16:00:00	17.98	17.98	17.73	17.87	185335
27/07/2012 16:00:00	18.01	18.48	18.01	18.38	314671
30/07/2012 16:00:00	18.49	18.56	18.33	18.45	190646
31/07/2012 16:00:00	18.53	18.63	18.47	18.55	302335
01/08/2012 16:00:00	18.58	18.62	18.46	18.58	208015
02/08/2012 16:00:00	18.53	18.53	18.25	18.28	211009
03/08/2012 16:00:00	18.63	18.63	18.25	18.37	103666
07/08/2012 16:00:00	18.49	18.83	18.49	18.8	316876
08/08/2012 16:00:00	18.82	18.98	18.67	18.84	365301
09/08/2012 16:00:00	18.96	19.48	18.89	19.38	285605
10/08/2012 16:00:00	19.56	19.58	19.37	19.47	247785
13/08/2012 16:00:00	19.42	19.84	19.37	19.78	207226
14/08/2012 16:00:00	19.82	19.89	19.51	19.54	175208
15/08/2012 16:00:00	19.52	19.52	19.27	19.35	366395
16/08/2012 16:00:00	19.4	19.55	19.1	19.53	196634
17/08/2012 16:00:00	19.53	19.58	19.32	19.43	173684
20/08/2012 16:00:00	19.43	19.79	19.39	19.68	139447
21/08/2012 16:00:00	19.58	19.72	19.41	19.42	155679
22/08/2012 16:00:00	19.4	19.5	19.26	19.34	221710
23/08/2012 16:00:00	19.34	19.34	19.12	19.23	148118
24/08/2012 16:00:00	19.23	19.46	19.23	19.31	108539
27/08/2012 16:00:00	19.36	19.36	19.13	19.25	96303
28/08/2012 16:00:00	19.32	19.47	19.25	19.29	86730
29/08/2012 16:00:00	19.36	19.42	19.27	19.4	107641
30/08/2012 16:00:00	19.4	19.42	19.17	19.23	141184
31/08/2012 16:00:00	19.2	19.48	19.09	19.09	174264
04/09/2012 16:00:00	19.17	19.36	19.08	19.19	676029
05/09/2012 16:00:00	19.19	19.34	19.04	19.34	153753
06/09/2012 16:00:00	19.49	19.61	19.44	19.57	132211
07/09/2012 16:00:00	19.56	19.65	19.29	19.56	201461
10/09/2012 16:00:00	19.62	19.75	19.48	19.6	335848
11/09/2012 16:00:00	19.6	19.73	19.56	19.6	269741
12/09/2012 16:00:00	19.63	19.63	19.22	19.41	114005
13/09/2012 16:00:00	19.41	19.51	19.27	19.48	146198
14/09/2012 16:00:00	19.58	19.72	19.37	19.5	299743
17/09/2012 16:00:00	19.52	19.58	19.23	19.38	236303
18/09/2012 16:00:00	19.46	19.62	19.42	19.53	271148
19/09/2012 16:00:00	19.56	19.69	19.28	19.35	118504
20/09/2012 16:00:00	19.35	19.51	19.25	19.3	190987
21/09/2012 16:00:00	19.29	19.35	18.94	19	1103411
24/09/2012 16:00:00	18.92	19.19	18.92	19.17	330798
25/09/2012 16:00:00	19.11	19.37	19.11	19.32	233219
26/09/2012 16:00:00	19.21	19.39	19.21	19.33	166934
27/09/2012 16:00:00	19.33	19.41	19.16	19.37	213301
28/09/2012 16:00:00	19.31	19.5	19.17	19.47	315685
01/10/2012 16:00:00	19.46	19.5	19.25	19.29	175464
02/10/2012 16:00:00	19.34	19.4	19.23	19.31	132348
03/10/2012 16:00:00	19.36	19.53	19.27	19.49	115412
04/10/2012 16:00:00	19.45	19.51	19.35	19.46	63297
05/10/2012 16:00:00	19.42	19.52	19.08	19.19	155780
09/10/2012 16:00:00	19.3	19.36	18.87	19	797408
10/10/2012 16:00:00	18.92	19.16	18.92	19.1	430904
11/10/2012 16:00:00	19.19	19.19	18.93	19.05	207861
12/10/2012 16:00:00	19	19.05	18.93	19.02	235040
15/10/2012 16:00:00	19.03	19.06	18.87	19.02	88270
16/10/2012 16:00:00	19	19.26	18.97	19.22	115646
17/10/2012 16:00:00	19.21	19.34	19.14	19.34	163478
18/10/2012 16:00:00	19.42	19.45	19.15	19.29	123091
19/10/2012 16:00:00	19.18	19.35	19.15	19.2	96225
22/10/2012 16:00:00	19.2	19.26	19.03	19.26	106702
23/10/2012 16:00:00	19.1	19.13	18.84	19.03	189256
24/10/2012 16:00:00	19.01	19.21	19	19.08	113188
25/10/2012 16:00:00	19.19	19.26	19.1	19.18	155250
26/10/2012 16:00:00	19.1	19.27	19.1	19.13	158762
29/10/2012 16:00:00	19.21	19.28	19.13	19.28	52663
30/10/2012 16:00:00	19.33	19.34	19.2	19.2	60460
31/10/2012 16:00:00	19.32	19.75	19.28	19.64	204357
01/11/2012 16:00:00	19.55	19.73	19.51	19.7	91329
02/11/2012 16:00:00	19.75	19.82	19.53	19.62	165147
05/11/2012 16:00:00	19.51	19.72	19.5	19.54	144690
06/11/2012 16:00:00	19.61	19.67	19.44	19.47	126374
07/11/2012 16:00:00	19.49	19.5	19.17	19.2	154453
08/11/2012 16:00:00	19.22	19.32	19.14	19.19	125793
09/11/2012 16:00:00	19.47	19.48	19.13	19.21	119681
12/11/2012 16:00:00	19.15	19.5	19.15	19.43	270600
13/11/2012 16:00:00	19.43	19.53	19.17	19.53	774078
14/11/2012 16:00:00	19.73	20.04	19.12	19.67	375092
15/11/2012 16:00:00	19.92	19.96	19.36	19.95	274101
16/11/2012 16:00:00	19.93	19.97	19.71	19.96	336824
19/11/2012 16:00:00	19.98	20.12	19.83	20.09	159956
20/11/2012 16:00:00	20.11	20.15	19.73	19.86	747772
21/11/2012 16:00:00	19.77	20	19.77	19.94	168170
22/11/2012 16:00:00	20	20.16	19.99	20.14	31178
23/11/2012 16:00:00	20.14	20.33	20.12	20.21	96342
26/11/2012 16:00:00	20.21	20.3	19.93	20.01	380702
27/11/2012 16:00:00	20.09	20.13	19.84	19.95	225082
28/11/2012 16:00:00	19.92	20.17	19.83	20.13	449460
29/11/2012 16:00:00	20.2	20.41	20.17	20.35	382842
30/11/2012 16:00:00	20.35	20.5	20.33	20.39	356799
03/12/2012 16:00:00	20.42	20.69	20.3	20.61	431620
04/12/2012 16:00:00	20.61	20.62	20.42	20.54	255699
05/12/2012 16:00:00	20.58	20.8	20.45	20.57	225774
06/12/2012 16:00:00	20.57	20.77	20.51	20.55	642670
07/12/2012 16:00:00	20.6	20.72	20.42	20.53	170585
10/12/2012 16:00:00	20.58	20.59	20.33	20.35	289507
11/12/2012 16:00:00	20.4	20.64	20.3	20.57	435550
12/12/2012 16:00:00	20.6	20.95	20.54	20.88	318779
13/12/2012 16:00:00	20.76	20.86	20.61	20.8	298494
14/12/2012 16:00:00	20.78	20.89	20.48	20.63	324721
17/12/2012 16:00:00	20.69	20.93	20.6	20.88	1091978
18/12/2012 16:00:00	20.89	21.2	20.77	21.17	356162
19/12/2012 16:00:00	21.17	21.27	20.99	21.22	394148
20/12/2012 16:00:00	21.14	21.27	21.08	21.2	538638
21/12/2012 16:00:00	21.25	21.33	21.09	21.13	426849
24/12/2012 16:00:00	21.09	21.32	21.07	21.1	51549
27/12/2012 16:00:00	21.02	21.17	20.95	21.11	265335
28/12/2012 16:00:00	21.06	21.23	21.06	21.13	63737
31/12/2012 16:00:00	21.11	21.28	21.02	21.11	74995
02/01/2013 16:00:00	21.19	21.32	21.01	21.08	136602
03/01/2013 16:00:00	21.02	21.16	20.84	20.88	190634
04/01/2013 16:00:00	20.82	21.05	20.79	21.03	355162
07/01/2013 16:00:00	21	21	20.8	20.93	218529
08/01/2013 16:00:00	20.91	20.97	20.68	20.76	227770
09/01/2013 16:00:00	20.71	20.76	20.27	20.46	560592
10/01/2013 16:00:00	20.58	20.78	20.42	20.6	365879
11/01/2013 16:00:00	20.63	20.74	20.49	20.69	152999
14/01/2013 16:00:00	20.73	20.73	20.07	20.62	217427
15/01/2013 16:00:00	20.55	20.77	20.48	20.69	229734
16/01/2013 16:00:00	20.67	20.77	20.54	20.64	120767
17/01/2013 16:00:00	20.67	20.93	20.67	20.78	119461
18/01/2013 16:00:00	20.87	20.99	20.85	20.87	135944
21/01/2013 16:00:00	20.91	21.07	20.84	20.96	63966
22/01/2013 16:00:00	20.96	21.1	20.83	20.9	123423
23/01/2013 16:00:00	21.17	21.64	21.05	21.6	451935
24/01/2013 16:00:00	21.66	21.69	21.26	21.39	228023
25/01/2013 16:00:00	21.48	21.79	21.42	21.7	596776
28/01/2013 16:00:00	21.7	21.72	21.34	21.37	206462
29/01/2013 16:00:00	21.58	21.66	21.05	21.34	364149
30/01/2013 16:00:00	21.42	21.49	20.88	20.93	270021
31/01/2013 16:00:00	20.92	20.96	20.52	20.64	393947
01/02/2013 16:00:00	20.69	20.72	20.57	20.64	380137
04/02/2013 16:00:00	20.52	20.83	20.34	20.79	328794
05/02/2013 16:00:00	20.83	21.19	20.83	21.06	427831
06/02/2013 16:00:00	21.1	21.33	21.06	21.24	364794
07/02/2013 16:00:00	21.31	21.36	21.07	21.32	230044
08/02/2013 16:00:00	21.26	21.43	21.26	21.4	186082
11/02/2013 16:00:00	21.44	21.44	21.17	21.28	194887
12/02/2013 16:00:00	21.34	21.43	21.24	21.34	186813
13/02/2013 16:00:00	21.37	21.46	21.29	21.43	216665
14/02/2013 16:00:00	21.34	21.47	21.31	21.45	356975
15/02/2013 16:00:00	21.38	21.51	21.36	21.44	152179
19/02/2013 16:00:00	21.57	21.91	21.56	21.65	308359
20/02/2013 16:00:00	21.59	21.67	21.35	21.55	522684
21/02/2013 16:00:00	21.55	21.55	21.24	21.46	130564
22/02/2013 16:00:00	21.45	21.67	21.35	21.58	93685
25/02/2013 16:00:00	21.66	21.7	21.21	21.25	388257
26/02/2013 16:00:00	21.2	21.41	21.19	21.39	256293
27/02/2013 16:00:00	21.24	21.35	21.24	21.28	210879
28/02/2013 16:00:00	21.25	21.53	21.24	21.53	375934
01/03/2013 16:00:00	21.6	21.69	21.41	21.68	280697
04/03/2013 16:00:00	21.7	21.7	21.5	21.6	184789
05/03/2013 16:00:00	21.66	21.67	21.5	21.54	240837
06/03/2013 16:00:00	21.58	21.67	21.57	21.6	287407
07/03/2013 16:00:00	21.67	21.67	21.57	21.63	217298
08/03/2013 16:00:00	21.61	21.66	21.54	21.61	232747
11/03/2013 16:00:00	21.6	21.67	21.36	21.54	217845
12/03/2013 16:00:00	21.44	21.59	21.19	21.58	229275
13/03/2013 16:00:00	21.5	21.57	20.9	20.97	513736
14/03/2013 16:00:00	21.06	21.27	20.84	21.23	393970
15/03/2013 16:00:00	21.19	21.41	21.05	21.05	1069405
18/03/2013 16:00:00	21	21.23	20.98	21.15	186324
19/03/2013 16:00:00	21.26	21.39	21.05	21.16	519507
20/03/2013 16:00:00	21.25	21.32	21.06	21.07	353326
21/03/2013 16:00:00	21.16	21.23	21.04	21.05	317033
22/03/2013 16:00:00	21.01	21.31	20.97	21.13	252788
25/03/2013 16:00:00	21.13	21.29	20.96	21.1	171800
26/03/2013 16:00:00	21.14	21.23	20.96	21.13	210817
27/03/2013 16:00:00	21.07	21.26	20.89	21.2	192917
28/03/2013 16:00:00	21.09	21.24	21	21.22	299797
01/04/2013 16:00:00	21.22	21.22	20.93	20.98	233110
02/04/2013 16:00:00	20.98	21.2	20.98	21.16	188687
03/04/2013 16:00:00	21.25	21.25	20.92	20.94	247555
04/04/2013 16:00:00	20.89	21.08	20.89	20.98	236544
05/04/2013 16:00:00	20.83	20.98	20.76	20.95	208168
08/04/2013 16:00:00	20.97	21.08	20.85	21.02	258890
09/04/2013 16:00:00	21.04	21.11	20.93	21.07	249596
10/04/2013 16:00:00	21.04	21.29	21.04	21.22	308752
11/04/2013 16:00:00	21.13	21.32	21.03	21.21	115804
12/04/2013 16:00:00	21.19	21.48	21.17	21.48	308785
15/04/2013 16:00:00	21.41	21.55	21.33	21.34	423015
16/04/2013 16:00:00	21.33	21.47	21.19	21.43	240495
17/04/2013 16:00:00	21.47	21.71	21.43	21.64	820563
18/04/2013 16:00:00	21.72	21.95	21.67	21.75	433928
19/04/2013 16:00:00	21.67	21.83	21.46	21.82	229010
22/04/2013 16:00:00	21.83	21.97	21.57	21.8	141524
23/04/2013 16:00:00	21.83	22.29	21.76	22.03	370090
24/04/2013 16:00:00	22.12	22.38	21.78	22.08	493427
25/04/2013 16:00:00	22.2	22.49	22	22.1	622046
26/04/2013 16:00:00	22.1	22.22	21.96	22.03	356998
29/04/2013 16:00:00	22.16	22.36	21.95	22.23	305500
30/04/2013 16:00:00	22.31	22.82	22.23	22.77	499873
01/05/2013 16:00:00	22.77	22.83	22.61	22.75	348339
02/05/2013 16:00:00	22.7	22.98	22.67	22.9	294421
03/05/2013 16:00:00	23	23.21	22.86	23.08	255346
06/05/2013 16:00:00	23.08	23.19	22.92	22.97	288866
07/05/2013 16:00:00	23.01	23.24	22.98	23.17	413394
08/05/2013 16:00:00	23.07	23.31	23.07	23.23	261731
09/05/2013 16:00:00	23.27	23.33	23.18	23.27	209798
10/05/2013 16:00:00	23.27	23.32	23.03	23.16	157844
13/05/2013 16:00:00	23.23	23.6	23.08	23.55	240447
14/05/2013 16:00:00	23.53	23.86	23.5	23.53	318684
15/05/2013 16:00:00	23.57	23.71	23.42	23.6	271885
16/05/2013 16:00:00	23.63	23.89	23.49	23.76	311789
17/05/2013 16:00:00	23.75	24.28	23.75	24.17	306139
21/05/2013 16:00:00	24.13	24.67	24.03	24.26	523763
22/05/2013 16:00:00	24.3	24.4	23.92	23.99	382018
23/05/2013 16:00:00	23.98	23.99	23.61	23.73	517073
24/05/2013 16:00:00	23.67	23.68	23.27	23.37	456931
27/05/2013 16:00:00	23.28	23.39	23.09	23.29	137261
28/05/2013 16:00:00	23.42	23.68	23.27	23.52	413956
29/05/2013 16:00:00	23.46	23.5	23.07	23.17	425586
30/05/2013 16:00:00	23.23	23.32	23.08	23.23	292736
31/05/2013 16:00:00	23.22	23.39	23.07	23.14	482643
03/06/2013 16:00:00	23.2	23.23	22.96	22.99	353876
04/06/2013 16:00:00	22.99	23.28	22.73	22.88	549571
05/06/2013 16:00:00	22.67	22.9	22.66	22.83	347153
06/06/2013 16:00:00	22.8	22.89	22.56	22.78	397006
07/06/2013 16:00:00	22.79	22.85	22.56	22.68	374077
10/06/2013 16:00:00	22.7	23.05	22.56	22.95	315288
11/06/2013 16:00:00	22.85	22.88	22.6	22.65	451994
12/06/2013 16:00:00	22.63	22.81	22.34	22.41	600380
13/06/2013 16:00:00	22.14	22.67	21.72	22.46	887546
14/06/2013 16:00:00	22.46	23.22	22.46	22.95	603045
17/06/2013 16:00:00	23.08	23.63	22.96	23.28	574414
18/06/2013 16:00:00	23.33	23.41	23.23	23.36	223151
19/06/2013 16:00:00	23.37	23.83	23.37	23.66	377889
20/06/2013 16:00:00	23.57	23.6	23.17	23.31	319925
21/06/2013 16:00:00	23.32	23.57	23.1	23.17	766929
24/06/2013 16:00:00	22.95	23.24	22.88	22.99	253357
25/06/2013 16:00:00	23.11	23.16	22.77	22.95	347667
26/06/2013 16:00:00	22.93	23.4	22.92	23.23	261211
27/06/2013 16:00:00	23.45	23.55	23.11	23.25	232195
28/06/2013 16:00:00	23.33	23.62	23.2	23.49	175614
02/07/2013 16:00:00	23.45	23.5	23.1	23.41	318519
03/07/2013 16:00:00	23.37	23.37	22.68	22.93	295929
04/07/2013 16:00:00	22.84	23.15	22.84	23.06	94200
05/07/2013 16:00:00	22.97	23.22	22.82	22.88	146529
08/07/2013 16:00:00	23	23.16	22.53	23.11	306801
09/07/2013 16:00:00	23.25	23.4	22.98	23.37	382389
10/07/2013 16:00:00	23.41	23.43	23.17	23.42	322375
11/07/2013 16:00:00	23.61	23.77	23.47	23.67	229985
12/07/2013 16:00:00	23.81	23.81	23.43	23.49	136036
15/07/2013 16:00:00	23.47	24.12	23.46	24.02	340468
16/07/2013 16:00:00	24.11	24.11	23.92	24.02	266031
17/07/2013 16:00:00	24.08	24.26	24.01	24.24	203783
18/07/2013 16:00:00	24.24	24.49	24.16	24.28	347374
19/07/2013 16:00:00	24.33	24.34	23.99	24.16	144838
22/07/2013 16:00:00	24.26	24.36	23.94	24.07	148300
23/07/2013 16:00:00	24.14	24.25	24.02	24.15	109026
24/07/2013 16:00:00	24.21	24.35	24.15	24.3	151269
25/07/2013 16:00:00	24.24	24.56	24.08	24.13	165227
26/07/2013 16:00:00	24.17	24.55	24.05	24.37	113488
29/07/2013 16:00:00	24.33	24.99	24.33	24.91	234648
30/07/2013 16:00:00	24.99	25.21	24.87	24.99	193840
31/07/2013 16:00:00	25.08	25.27	24.53	24.56	234489
01/08/2013 16:00:00	24.83	24.99	24.62	24.91	177919
02/08/2013 16:00:00	24.9	24.91	24.56	24.72	137724
06/08/2013 16:00:00	24.67	24.7	24.21	24.4	188601
07/08/2013 16:00:00	24.34	24.48	24.28	24.39	83702
08/08/2013 16:00:00	24.43	24.88	24.1	24.7	184794
09/08/2013 16:00:00	24.63	24.63	24.18	24.3	142720
12/08/2013 16:00:00	24.23	24.27	24.11	24.16	162655
13/08/2013 16:00:00	24.13	24.16	23.92	23.98	193936
14/08/2013 16:00:00	24.23	24.23	23	23.1	375377
15/08/2013 16:00:00	22.92	23	22.75	22.98	524137
16/08/2013 16:00:00	22.9	23.32	22.88	23.25	361477
19/08/2013 16:00:00	23.04	23.17	22.82	22.95	171641
20/08/2013 16:00:00	22.88	23	22.67	22.72	234345
21/08/2013 16:00:00	22.67	22.87	22.51	22.69	153359
22/08/2013 16:00:00	22.75	22.77	22.53	22.65	200835
23/08/2013 16:00:00	22.65	22.74	22.53	22.7	139046
26/08/2013 16:00:00	22.62	22.73	22.53	22.67	177437
27/08/2013 16:00:00	22.59	22.63	22.38	22.45	886849
28/08/2013 16:00:00	22.42	22.66	22.39	22.48	173890
29/08/2013 16:00:00	22.43	22.56	22.26	22.35	164242
30/08/2013 16:00:00	22.35	22.53	22.23	22.48	423543
03/09/2013 16:00:00	22.25	22.3	21.75	22.01	889639
04/09/2013 16:00:00	21.94	22.08	21.86	21.96	203932
05/09/2013 16:00:00	22	22.14	21.92	22.05	377852
06/09/2013 16:00:00	22.11	22.22	22.03	22.12	285134
09/09/2013 16:00:00	22.21	22.31	22.09	22.24	251595
10/09/2013 16:00:00	22.36	22.5	22.16	22.42	303667
11/09/2013 16:00:00	22.54	22.54	22.26	22.38	321061
12/09/2013 16:00:00	22.47	22.47	22.02	22.13	291581
13/09/2013 16:00:00	22.25	22.35	22.05	22.13	263027
16/09/2013 16:00:00	22.13	22.15	21.84	21.94	284193
17/09/2013 16:00:00	21.88	21.96	21.76	21.91	299608
18/09/2013 16:00:00	21.84	22.07	21.84	21.85	345024
19/09/2013 16:00:00	21.85	21.94	21.51	21.62	867485
20/09/2013 16:00:00	21.71	21.71	21.27	21.49	922706
23/09/2013 16:00:00	21.5	21.69	21.27	21.39	193677
24/09/2013 16:00:00	21.31	21.55	21.28	21.49	223545
25/09/2013 16:00:00	21.5	21.53	21.4	21.49	285724
26/09/2013 16:00:00	21.41	21.65	21.39	21.42	294585
27/09/2013 16:00:00	21.42	21.66	21.36	21.58	203896
30/09/2013 16:00:00	21.41	21.65	21.3	21.48	378911
01/10/2013 16:00:00	21.49	21.58	21.32	21.38	328359
02/10/2013 16:00:00	21.32	21.5	21.21	21.44	399139
03/10/2013 16:00:00	21.51	21.53	21.39	21.43	230180
04/10/2013 16:00:00	21.42	21.53	21.42	21.45	145046
07/10/2013 16:00:00	21.34	21.57	21.33	21.47	144416
08/10/2013 16:00:00	21.43	21.64	21.43	21.58	211646
09/10/2013 16:00:00	21.65	21.81	21.57	21.69	231927
10/10/2013 16:00:00	21.82	22.1	21.74	22	280120
11/10/2013 16:00:00	22.08	22.18	21.86	21.95	115132
15/10/2013 16:00:00	21.85	21.9	21.58	21.84	293173
16/10/2013 16:00:00	21.92	22.11	21.83	21.99	172988
17/10/2013 16:00:00	21.99	22.03	21.82	21.89	212759
18/10/2013 16:00:00	21.89	22.17	21.89	22.15	283370
21/10/2013 16:00:00	22.14	22.14	21.77	21.87	410413
22/10/2013 16:00:00	21.94	21.94	21.63	21.69	617163
23/10/2013 16:00:00	21.66	21.82	21.63	21.82	867038
24/10/2013 16:00:00	21.75	21.85	21.62	21.69	278435
25/10/2013 16:00:00	21.69	22	21.67	21.93	282586
28/10/2013 16:00:00	21.94	22.18	21.84	21.89	250093
29/10/2013 16:00:00	22.02	22.16	21.95	22.14	143426
30/10/2013 16:00:00	22.21	22.27	21.8	21.94	217526
31/10/2013 16:00:00	21.96	22.12	21.71	21.74	274105
01/11/2013 16:00:00	21.97	22.2	21.96	22.1	343112
04/11/2013 16:00:00	22.26	22.61	22.17	22.53	240150
05/11/2013 16:00:00	22.47	22.67	22.27	22.55	462756
06/11/2013 16:00:00	22.63	22.67	22.11	22.19	383950
07/11/2013 16:00:00	22.29	22.38	22	22.08	239144
08/11/2013 16:00:00	22.12	22.2	22.04	22.12	176727
11/11/2013 16:00:00	22.08	22.1	21.71	21.74	283147
12/11/2013 16:00:00	21.76	21.97	21.65	21.9	303044
13/11/2013 16:00:00	21	21.05	20	20.67	1672528
14/11/2013 16:00:00	20.67	20.67	20.25	20.3	1144849
15/11/2013 16:00:00	20.27	20.44	20.08	20.25	532517
18/11/2013 16:00:00	20.46	20.46	20.15	20.3	290800
19/11/2013 16:00:00	20.25	20.43	20.25	20.34	380045
20/11/2013 16:00:00	20.4	20.4	20.18	20.23	392408
21/11/2013 16:00:00	20.27	20.74	20.27	20.55	564320
22/11/2013 16:00:00	20.53	20.82	20.52	20.7	388929
25/11/2013 16:00:00	20.76	20.83	20.6	20.67	283076
26/11/2013 16:00:00	20.73	20.78	20.6	20.65	325651
27/11/2013 16:00:00	20.7	20.7	20.44	20.45	237687
28/11/2013 16:00:00	20.53	20.61	20.47	20.57	67417
29/11/2013 16:00:00	20.55	20.93	20.5	20.64	186769
02/12/2013 16:00:00	20.73	21.2	20.72	21.08	487504
03/12/2013 16:00:00	20.94	21.27	20.94	21.2	377707
04/12/2013 16:00:00	21.15	21.25	20.95	21.21	348975
05/12/2013 16:00:00	21.25	21.38	21.1	21.32	348021
06/12/2013 16:00:00	21.29	21.36	21.12	21.22	316082
09/12/2013 16:00:00	21.19	21.3	20.88	20.89	326931
10/12/2013 16:00:00	20.89	21	20.8	20.91	293830
11/12/2013 16:00:00	20.96	21.3	20.7	20.95	414943
12/12/2013 16:00:00	20.85	21.23	20.79	21.11	567902
13/12/2013 16:00:00	21.01	21.14	20.92	21.1	383362
16/12/2013 16:00:00	21.13	21.6	21.01	21.57	399557
17/12/2013 16:00:00	21.57	21.74	21.57	21.68	412471
18/12/2013 16:00:00	21.73	21.91	21.58	21.78	247003
19/12/2013 16:00:00	21.83	22.03	21.75	21.75	209575
20/12/2013 16:00:00	21.64	21.97	21.64	21.81	664744
23/12/2013 16:00:00	21.8	21.9	21.63	21.72	141330
24/12/2013 16:00:00	21.75	21.9	21.67	21.74	46623
27/12/2013 16:00:00	21.8	21.89	21.54	21.62	124023
30/12/2013 16:00:00	21.52	21.77	21.52	21.68	122990
31/12/2013 16:00:00	21.76	21.82	21.54	21.63	156031
02/01/2014 16:00:00	21.63	22.04	21.55	22	250556
03/01/2014 16:00:00	21.92	21.92	21.57	21.72	148542
06/01/2014 16:00:00	21.74	21.83	21.62	21.74	167347
07/01/2014 16:00:00	21.76	21.89	21.67	21.72	281704
08/01/2014 16:00:00	21.75	22.19	21.69	22	324103
09/01/2014 16:00:00	22.07	22.17	21.83	21.99	222648
10/01/2014 16:00:00	21.99	21.99	21.63	21.89	334144
13/01/2014 16:00:00	21.87	22.05	21.86	22	295050
14/01/2014 16:00:00	22.03	22.05	21.83	21.86	200421
15/01/2014 16:00:00	21.96	22.12	21.88	22.12	200674
16/01/2014 16:00:00	22.02	22.07	21.95	22.03	248927
17/01/2014 16:00:00	21.99	22.02	21.9	22	253996
20/01/2014 16:00:00	21.89	22.16	21.89	22.01	65250
21/01/2014 16:00:00	21.99	22.04	21.55	21.67	386032
22/01/2014 16:00:00	21.72	21.92	21.54	21.63	220145
23/01/2014 16:00:00	21.52	21.62	21.22	21.56	333730
24/01/2014 16:00:00	21.54	21.58	21.13	21.17	300253
27/01/2014 16:00:00	21.24	21.25	20.65	20.83	528686
28/01/2014 16:00:00	20.87	21.77	20.4	21.75	609021
29/01/2014 16:00:00	21.42	21.67	20.82	20.91	506511
30/01/2014 16:00:00	20.9	21.36	20.78	21.32	260737
31/01/2014 16:00:00	21.04	21.37	20.92	21.34	342210
03/02/2014 16:00:00	21.33	21.4	21	21.07	355466
04/02/2014 16:00:00	21.03	21.19	20.96	21.09	284503
05/02/2014 16:00:00	21.01	21.01	20.53	20.7	500662
06/02/2014 16:00:00	20.74	20.76	20.62	20.66	280527
07/02/2014 16:00:00	20.75	21	20.72	20.89	216347
10/02/2014 16:00:00	20.89	20.97	20.72	20.78	256673
11/02/2014 16:00:00	20.69	21.27	20.69	20.8	340032
12/02/2014 16:00:00	20.83	20.92	20.64	20.8	352161
13/02/2014 16:00:00	20.87	21.06	20.82	20.92	251834
14/02/2014 16:00:00	20.87	21.25	20.74	20.96	418366
18/02/2014 16:00:00	20.97	21.04	20.69	20.79	286261
19/02/2014 16:00:00	20.72	20.86	20.55	20.72	300112
20/02/2014 16:00:00	20.72	20.94	20.71	20.88	158675
21/02/2014 16:00:00	20.87	20.97	20.64	20.96	215466
24/02/2014 16:00:00	20.88	21.09	20.88	21.09	264531
25/02/2014 16:00:00	21.04	21.11	20.78	20.95	378786
26/02/2014 16:00:00	20.88	20.92	20.63	20.75	1474380
27/02/2014 16:00:00	20.68	20.71	20.63	20.68	344173
28/02/2014 16:00:00	20.63	20.92	20.59	20.63	339161
03/03/2014 16:00:00	20.55	20.57	20.32	20.55	298185
04/03/2014 16:00:00	20.65	20.82	20.51	20.77	248802
05/03/2014 16:00:00	20.82	20.82	20.61	20.63	226756
06/03/2014 16:00:00	20.67	20.88	20.67	20.82	157161
07/03/2014 16:00:00	20.91	20.93	20.72	20.88	145285
10/03/2014 16:00:00	20.84	21.19	20.8	21.07	203732
11/03/2014 16:00:00	21.04	21.08	20.78	20.84	167914
12/03/2014 16:00:00	20.78	20.97	20.69	20.88	157132
13/03/2014 16:00:00	20.83	20.89	20.65	20.71	238257
14/03/2014 16:00:00	20.65	20.76	20.65	20.7	188617
17/03/2014 16:00:00	20.73	20.88	20.72	20.83	197784
18/03/2014 16:00:00	20.8	21.03	20.8	21.03	181007
19/03/2014 16:00:00	21.03	21.11	20.92	21.07	100854
20/03/2014 16:00:00	21.09	21.25	21	21.25	195125
21/03/2014 16:00:00	21.18	21.33	21.01	21.06	705774
24/03/2014 16:00:00	21.06	21.17	20.83	20.86	469160
25/03/2014 16:00:00	20.91	20.97	20.83	20.94	243013
26/03/2014 16:00:00	20.98	21.29	20.91	21.21	436943
27/03/2014 16:00:00	21.25	21.5	21.16	21.47	314606
28/03/2014 16:00:00	21.49	21.71	21.45	21.6	476485
31/03/2014 16:00:00	21.67	21.9	21.62	21.63	371608
01/04/2014 16:00:00	21.68	21.94	21.61	21.78	250964
02/04/2014 16:00:00	21.83	21.83	21.63	21.74	254823
03/04/2014 16:00:00	21.77	21.89	21.56	21.61	152990
04/04/2014 16:00:00	21.66	21.9	21.64	21.88	196256
07/04/2014 16:00:00	21.77	21.93	21.67	21.83	230387
08/04/2014 16:00:00	21.77	21.91	21.72	21.85	526365
09/04/2014 16:00:00	21.8	21.85	21.36	21.44	314027
10/04/2014 16:00:00	21.42	21.55	21.17	21.33	311309
11/04/2014 16:00:00	21.27	21.39	21.14	21.24	186060
14/04/2014 16:00:00	21.25	21.36	21	21.26	314448
15/04/2014 16:00:00	21.23	21.54	21.22	21.43	254288
16/04/2014 16:00:00	21.68	22.12	21.68	21.95	882772
17/04/2014 16:00:00	21.92	22.05	21.79	21.9	254056
21/04/2014 16:00:00	21.84	21.97	21.8	21.85	166651
22/04/2014 16:00:00	21.94	22	21.8	21.87	187370
23/04/2014 16:00:00	21.88	21.95	21.69	21.88	236964
24/04/2014 16:00:00	21.97	21.99	21.82	21.97	177366
25/04/2014 16:00:00	21.93	22	21.82	21.96	460456
28/04/2014 16:00:00	21.89	22.2	21.89	22.07	331628
29/04/2014 16:00:00	22.14	22.18	21.92	22.1	286582
30/04/2014 16:00:00	21.91	22.54	21.91	22.52	356632
01/05/2014 16:00:00	22.43	22.58	22.24	22.44	173994
02/05/2014 16:00:00	22.49	22.66	22.38	22.6	170517
05/05/2014 16:00:00	22.55	22.67	22.42	22.5	171532
06/05/2014 16:00:00	22.61	22.61	22.4	22.42	311314
07/05/2014 16:00:00	22.4	22.55	22.34	22.53	328824
08/05/2014 16:00:00	22.55	22.61	22.33	22.37	216251
09/05/2014 16:00:00	22.41	22.58	22.36	22.43	169952
12/05/2014 16:00:00	22.42	22.75	22.4	22.74	225571
13/05/2014 16:00:00	22.7	22.91	22.51	22.82	304804
14/05/2014 16:00:00	22.83	23.15	22.83	22.9	381255
15/05/2014 16:00:00	22.84	22.9	22.21	22.52	579833
16/05/2014 16:00:00	22.37	22.6	22.26	22.39	379614
20/05/2014 16:00:00	22.42	22.45	22.17	22.23	246937
21/05/2014 16:00:00	22.25	22.63	22.18	22.46	315844
22/05/2014 16:00:00	22.47	22.5	22.32	22.32	251154
23/05/2014 16:00:00	22.36	22.5	22.19	22.47	183191
26/05/2014 16:00:00	22.47	22.6	22.34	22.51	40717
27/05/2014 16:00:00	22.5	22.5	22.27	22.47	165634
28/05/2014 16:00:00	22.42	22.43	22.18	22.3	137967
29/05/2014 16:00:00	22.37	22.38	22.22	22.36	86454
30/05/2014 16:00:00	22.41	22.48	22.28	22.32	269241
02/06/2014 16:00:00	22.32	22.45	22.21	22.26	131298
03/06/2014 16:00:00	22.26	22.29	22.2	22.25	347295
04/06/2014 16:00:00	22.18	22.56	22.18	22.43	171583
05/06/2014 16:00:00	22.48	22.6	22.31	22.37	371352
06/06/2014 16:00:00	22.39	22.58	22.23	22.56	197583
09/06/2014 16:00:00	22.54	22.65	22.38	22.54	240127
10/06/2014 16:00:00	22.47	22.62	22.4	22.54	259913
11/06/2014 16:00:00	22.48	22.56	22.23	22.38	247076
12/06/2014 16:00:00	22.34	22.41	22.12	22.28	295264
13/06/2014 16:00:00	22.32	22.32	22.06	22.07	160911
16/06/2014 16:00:00	22.06	22.22	22.03	22.13	245454
17/06/2014 16:00:00	22.16	22.36	22.02	22.27	305531
18/06/2014 16:00:00	22.23	22.33	22.14	22.32	168661
19/06/2014 16:00:00	22.3	22.33	22.06	22.09	169024
20/06/2014 16:00:00	22.11	22.13	21.73	21.85	759852
23/06/2014 16:00:00	21.94	22.05	21.66	22.02	239247
24/06/2014 16:00:00	22.1	22.1	21.87	21.94	180696
25/06/2014 16:00:00	21.87	21.89	21.67	21.69	177394
26/06/2014 16:00:00	21.72	21.83	21.57	21.76	124303
27/06/2014 16:00:00	21.76	22.04	21.7	22.01	90219
30/06/2014 16:00:00	21.94	22.16	21.9	21.99	132701
02/07/2014 16:00:00	22.01	22.08	21.33	21.83	422952
03/07/2014 16:00:00	21.89	22.02	21.78	21.82	113551
04/07/2014 16:00:00	21.75	22.01	21.75	21.9	29162
07/07/2014 16:00:00	21.91	22	21.75	21.82	141668
08/07/2014 16:00:00	21.78	22.02	21.62	21.95	423728
09/07/2014 16:00:00	22	22.08	21.84	22.07	139822
10/07/2014 16:00:00	22.02	22.12	21.91	22.01	132559
11/07/2014 16:00:00	22.03	22.1	21.82	21.83	158069
14/07/2014 16:00:00	21.91	22.05	21.91	22.03	93000
15/07/2014 16:00:00	21.96	22.32	21.96	22.25	154593
16/07/2014 16:00:00	22.25	22.58	22.23	22.47	165064
17/07/2014 16:00:00	22.48	22.7	22.38	22.66	162859
18/07/2014 16:00:00	22.62	22.8	22.52	22.67	194101
21/07/2014 16:00:00	22.59	22.67	22.39	22.59	113034
22/07/2014 16:00:00	22.58	22.83	22.57	22.8	281566
23/07/2014 16:00:00	22.83	23.04	22.83	23.02	165924
24/07/2014 16:00:00	23.08	23.12	22.95	23.1	140675
25/07/2014 16:00:00	23.09	23.48	23.09	23.37	305848
28/07/2014 16:00:00	23.32	23.45	23.14	23.3	147178
29/07/2014 16:00:00	23.36	23.59	23.28	23.33	255807
30/07/2014 16:00:00	23.41	23.74	23.34	23.63	198744
31/07/2014 16:00:00	23.65	23.74	23.48	23.7	221051
01/08/2014 16:00:00	23.66	23.67	23.4	23.55	184211
05/08/2014 16:00:00	23.47	23.92	23.23	23.71	288113
06/08/2014 16:00:00	23.68	24.2	23.65	23.9	294341
07/08/2014 16:00:00	23.96	24	23.62	23.95	288308
08/08/2014 16:00:00	23.93	24	23.63	23.68	241492
11/08/2014 16:00:00	23.59	23.92	23.54	23.77	89841
12/08/2014 16:00:00	23.8	23.82	23.61	23.77	133007
13/08/2014 16:00:00	23.74	23.75	22.67	23.17	533794
14/08/2014 16:00:00	23.17	23.73	23.13	23.69	481168
15/08/2014 16:00:00	23.62	23.76	23.51	23.64	262132
18/08/2014 16:00:00	23.65	24.15	23.61	24.07	468913
19/08/2014 16:00:00	24	24.44	23.87	23.92	290234
20/08/2014 16:00:00	23.81	23.85	23.59	23.61	196161
21/08/2014 16:00:00	23.59	23.8	23.58	23.65	135060
22/08/2014 16:00:00	23.67	23.81	23.52	23.59	181897
25/08/2014 16:00:00	23.64	23.79	23.59	23.71	168402
26/08/2014 16:00:00	23.69	24.11	23.68	23.79	229525
27/08/2014 16:00:00	23.76	23.8	23.63	23.69	146011
28/08/2014 16:00:00	23.6	23.61	23.42	23.48	152034
29/08/2014 16:00:00	23.45	23.79	23.44	23.5	253223
02/09/2014 16:00:00	23.69	23.76	23.44	23.56	135903
03/09/2014 16:00:00	23.74	23.98	23.71	23.72	181412
04/09/2014 16:00:00	23.79	24.06	23.64	23.91	183111
05/09/2014 16:00:00	23.91	23.98	23.79	23.88	186914
08/09/2014 16:00:00	23.9	23.94	23.79	23.86	148692
09/09/2014 16:00:00	23.89	23.99	23.73	23.94	189286
10/09/2014 16:00:00	24	24.36	23.94	24.05	219645
11/09/2014 16:00:00	23.97	24.2	23.97	24.09	150951
12/09/2014 16:00:00	23.93	24.38	23.93	24.28	267543
15/09/2014 16:00:00	24.38	24.86	24.32	24.55	284490
16/09/2014 16:00:00	24.68	24.73	24.52	24.67	309149
17/09/2014 16:00:00	24.59	24.81	24.49	24.72	154712
18/09/2014 16:00:00	24.72	24.77	24.45	24.67	250396
19/09/2014 16:00:00	24.61	24.68	24.36	24.46	670892
22/09/2014 16:00:00	24.42	24.93	24.41	24.59	381756
23/09/2014 16:00:00	24.6	24.75	24.52	24.69	247941
24/09/2014 16:00:00	24.63	24.81	24.46	24.72	214411
25/09/2014 16:00:00	24.59	24.61	24.27	24.3	309150
26/09/2014 16:00:00	24.18	24.66	24.06	24.62	282553
29/09/2014 16:00:00	24.54	24.83	24.32	24.65	175908
30/09/2014 16:00:00	24.65	25	24.53	24.97	288848
01/10/2014 16:00:00	24.83	25	24.75	24.86	213909
02/10/2014 16:00:00	24.86	24.89	24.71	24.87	300484
03/10/2014 16:00:00	24.83	25.2	24.74	25	397140
06/10/2014 16:00:00	24.97	25.17	24.89	24.95	168590
07/10/2014 16:00:00	24.91	25.05	24.79	25.01	337647
08/10/2014 16:00:00	24.96	25.25	24.93	25.1	296188
09/10/2014 16:00:00	25.08	25.32	24.89	25.29	301041
10/10/2014 16:00:00	25.03	25.27	24.93	25	268227
14/10/2014 16:00:00	24.8	25.06	24.75	24.84	298494
15/10/2014 16:00:00	24.72	25	24.7	24.71	353302
16/10/2014 16:00:00	24.58	25.2	24.27	24.88	171516
17/10/2014 16:00:00	24.86	24.91	24.53	24.85	309421
20/10/2014 16:00:00	24.77	25.38	24.71	25.32	239822
21/10/2014 16:00:00	25.26	25.47	25.02	25.21	252246
22/10/2014 16:00:00	25.16	25.21	24.73	24.84	261385
23/10/2014 16:00:00	24.92	25.2	24.82	25.1	183618
24/10/2014 16:00:00	25.36	26.07	25.36	25.77	447944
27/10/2014 16:00:00	25.77	26.03	25.76	25.94	303421
28/10/2014 16:00:00	25.97	26.39	25.9	26.29	247147
29/10/2014 16:00:00	26.29	26.31	25.85	25.92	245796
30/10/2014 16:00:00	25.89	26.29	25.81	26.1	118511
31/10/2014 16:00:00	26.2	26.64	26.2	26.4	298329
03/11/2014 16:00:00	26.56	26.56	25.78	25.95	178926
04/11/2014 16:00:00	25.92	26.16	25.72	26.07	338014
05/11/2014 16:00:00	26.08	26.35	25.92	26.28	277042
06/11/2014 16:00:00	26.25	26.37	26	26.13	162557
07/11/2014 16:00:00	25.99	26.2	25.87	25.95	225225
10/11/2014 16:00:00	26	26.6	25.92	26.54	195025
11/11/2014 16:00:00	26.55	26.57	26.18	26.33	125708
12/11/2014 16:00:00	26.32	26.52	26.05	26.51	316282
13/11/2014 16:00:00	26.55	26.82	26.42	26.68	257634
14/11/2014 16:00:00	26.62	27.39	26.62	27.11	386497
17/11/2014 16:00:00	27.07	27.43	26.94	27.06	287449
18/11/2014 16:00:00	27.21	27.5	27.21	27.5	333239
19/11/2014 16:00:00	28.16	30.17	27.9	30.17	651801
20/11/2014 16:00:00	29.69	29.77	29.01	29.39	520211
21/11/2014 16:00:00	29.39	29.4	28.54	29.28	262643
24/11/2014 16:00:00	29.2	29.4	28.86	29.06	238954
25/11/2014 16:00:00	28.99	29.7	28.99	29.64	427683
26/11/2014 16:00:00	29.59	29.97	29.5	29.65	191263
27/11/2014 16:00:00	29.84	29.89	29.58	29.89	81081
28/11/2014 16:00:00	29.84	30.49	29.5	29.77	213632
01/12/2014 16:00:00	29.75	30.65	29.51	30.27	602267
02/12/2014 16:00:00	30.5	31.08	30.13	30.24	398045
03/12/2014 16:00:00	30.12	30.19	29.78	30.13	470648
04/12/2014 16:00:00	29.98	30.33	29.62	29.75	401867
05/12/2014 16:00:00	29.83	29.88	29.42	29.67	216377
08/12/2014 16:00:00	29.51	29.98	29.37	29.5	187036
09/12/2014 16:00:00	29.18	29.87	29.1	29.7	332147
10/12/2014 16:00:00	29.7	29.74	29.3	29.49	294427
11/12/2014 16:00:00	29.5	30.09	29.39	29.8	339186
12/12/2014 16:00:00	29.58	29.91	29.24	29.33	346675
15/12/2014 16:00:00	29.33	29.89	29.32	29.47	363673
16/12/2014 16:00:00	29.68	29.83	29.36	29.48	544119
17/12/2014 16:00:00	29.45	29.97	29.23	29.68	487709
18/12/2014 16:00:00	29.89	30	29.31	29.59	465161
19/12/2014 16:00:00	29.67	30.26	29.46	30.07	1252563
22/12/2014 16:00:00	30.17	30.37	29.62	30.11	527042
23/12/2014 16:00:00	30.23	30.59	30.14	30.58	115466
24/12/2014 16:00:00	30.58	30.7	30.4	30.41	78545
29/12/2014 16:00:00	30.41	30.75	30.17	30.63	157652
30/12/2014 16:00:00	30.66	30.81	30.5	30.79	174533
31/12/2014 16:00:00	30.83	31.1	30.68	31.1	128460
02/01/2015 16:00:00	31.17	31.22	30.7	30.96	250541
05/01/2015 16:00:00	30.99	31.01	30.06	30.31	214244
06/01/2015 16:00:00	30.31	30.39	29.76	29.98	223648
07/01/2015 16:00:00	30.08	30.48	29.94	30.27	176906
08/01/2015 16:00:00	30.32	30.79	30.11	30.54	142703
09/01/2015 16:00:00	30.43	30.6	30.08	30.22	141094
12/01/2015 16:00:00	30.29	30.56	29.87	30.52	195300
13/01/2015 16:00:00	30.66	31.18	30.47	31.01	277028
14/01/2015 16:00:00	31	31.21	30.5	30.78	293825
15/01/2015 16:00:00	30.74	31.38	30.23	30.86	287220
16/01/2015 16:00:00	30.78	30.97	30.59	30.94	118034
19/01/2015 16:00:00	30.68	31.13	30.67	30.93	52112
20/01/2015 16:00:00	31.24	31.24	30.58	30.71	230055
21/01/2015 16:00:00	30.86	31.84	30.61	31.59	304638
22/01/2015 16:00:00	31.6	32.73	31.01	32.4	443551
23/01/2015 16:00:00	32.41	32.95	32.08	32.29	339842
26/01/2015 16:00:00	32	32.5	32	32.42	193487
27/01/2015 16:00:00	33.17	34.68	33.07	33.75	362965
28/01/2015 16:00:00	33.98	34	33.41	33.48	368402
29/01/2015 16:00:00	33.49	33.97	33.47	33.73	372955
30/01/2015 16:00:00	33.73	33.82	33.45	33.52	427670
02/02/2015 16:00:00	33.72	34.65	33.72	34.58	319315
03/02/2015 16:00:00	34.51	34.62	34.18	34.42	280018
04/02/2015 16:00:00	34.42	34.95	34.42	34.69	304000
05/02/2015 16:00:00	34.84	35.51	33.84	34.12	389888
06/02/2015 16:00:00	34.33	34.33	33.6	33.84	232433
09/02/2015 16:00:00	33.83	34.05	33.43	34	246020
10/02/2015 16:00:00	34.05	34.26	33.7	33.95	214863
11/02/2015 16:00:00	34	34.98	33.88	34.77	301725
12/02/2015 16:00:00	35.5	35.97	34.89	35.22	1016687
13/02/2015 16:00:00	35.25	35.25	34.11	34.56	803959
17/02/2015 16:00:00	34.9	35.48	34.6	34.97	577615
18/02/2015 16:00:00	35.25	35.67	34.9	35.05	550419
19/02/2015 16:00:00	35.05	35.27	34.86	35.1	409893
20/02/2015 16:00:00	35.2	35.25	35	35.15	607202
23/02/2015 16:00:00	35.2	35.46	35	35.4	395835
24/02/2015 16:00:00	35.5	36.52	35.4	35.99	844090
25/02/2015 16:00:00	36.36	36.36	35.5	35.72	567996
26/02/2015 16:00:00	36	36.1	35.33	35.38	492825
27/02/2015 16:00:00	35.36	35.6	34.65	34.72	1130823
02/03/2015 16:00:00	34.85	35.53	34.83	35.35	821879
03/03/2015 16:00:00	35.43	35.48	34.63	35.06	585889
04/03/2015 16:00:00	35	35.06	34.6	34.85	667915
05/03/2015 16:00:00	34.96	35.34	34.85	34.92	699070
06/03/2015 16:00:00	34.84	34.98	34.26	34.5	676764
09/03/2015 16:00:00	34.43	34.98	34.19	34.7	518765
10/03/2015 16:00:00	34.69	35.01	34.28	34.77	709228
11/03/2015 16:00:00	35	35.02	34.33	34.53	610842
12/03/2015 16:00:00	34.44	34.61	33.98	34.37	583143
13/03/2015 16:00:00	34.26	34.42	34.11	34.32	334287
16/03/2015 16:00:00	34.32	35.12	34.32	34.82	503396
17/03/2015 16:00:00	34.66	34.79	34.27	34.59	540844
18/03/2015 16:00:00	34.61	34.97	34.46	34.71	410382
19/03/2015 16:00:00	34.82	34.85	34.25	34.32	630026
20/03/2015 16:00:00	34.46	34.5	34.07	34.36	1693776
23/03/2015 16:00:00	34.4	34.44	34.03	34.19	515772
24/03/2015 16:00:00	34.21	35.2	34.21	35.08	771187
25/03/2015 16:00:00	35.2	35.49	34.76	34.77	722919
26/03/2015 16:00:00	34.67	34.8	34.33	34.59	655489
27/03/2015 16:00:00	34.63	34.97	34.2	34.38	428547
30/03/2015 16:00:00	34.27	34.48	34.01	34.04	838064
31/03/2015 16:00:00	34	34.54	33.88	34.32	935823
01/04/2015 16:00:00	34.01	34.65	33.27	34.65	1172149
02/04/2015 16:00:00	34.69	35.47	34.59	35.36	601681
06/04/2015 16:00:00	35.41	36.03	35.23	35.88	920071
07/04/2015 16:00:00	35.93	36.47	35.75	36.24	1276153
08/04/2015 16:00:00	36.3	36.73	36.06	36.1	625648
09/04/2015 16:00:00	36.1	36.52	35.95	36.46	765311
10/04/2015 16:00:00	36.67	36.9	36.46	36.56	376881
13/04/2015 16:00:00	36.64	37.1	36.57	37.02	729288
14/04/2015 16:00:00	37.06	37.1	36.74	36.8	434795
15/04/2015 16:00:00	36.95	37.06	36.71	36.9	649842
16/04/2015 16:00:00	36.87	37.02	36.56	36.71	421062
17/04/2015 16:00:00	36.69	36.69	35.89	36.15	324511
20/04/2015 16:00:00	36.18	36.4	35.41	35.79	607367
21/04/2015 16:00:00	35.89	36.01	35.25	35.4	729239
22/04/2015 16:00:00	36.87	36.87	34.61	34.93	1078360
23/04/2015 16:00:00	35.5	35.68	35.22	35.42	880550
24/04/2015 16:00:00	35.64	35.74	35.41	35.48	429698
27/04/2015 16:00:00	35.76	35.85	35.29	35.41	374019
28/04/2015 16:00:00	35.55	35.67	35	35.59	363304
29/04/2015 16:00:00	35.47	35.79	35.19	35.37	506113
30/04/2015 16:00:00	35.21	35.3	34.75	34.88	748841
01/05/2015 16:00:00	34.86	34.97	34.55	34.78	563978
04/05/2015 16:00:00	34.85	35.54	34.78	35.27	619706
05/05/2015 16:00:00	35.29	35.3	34.51	34.91	534967
06/05/2015 16:00:00	34.97	35.41	34.76	35.31	648078
07/05/2015 16:00:00	35.27	35.46	34.87	35.23	658224
08/05/2015 16:00:00	35.25	35.4	34.88	34.94	473416
11/05/2015 16:00:00	35.09	35.24	34.9	35.02	3289717
12/05/2015 16:00:00	35.07	35.07	34.23	34.31	520176
13/05/2015 16:00:00	34.32	34.85	33.83	34.63	594812
14/05/2015 16:00:00	34.65	36.28	34.64	35.67	1009130
15/05/2015 16:00:00	35.64	35.91	35.34	35.82	238580
19/05/2015 16:00:00	35.99	36	35.5	35.79	380855
20/05/2015 16:00:00	35.79	35.79	35.17	35.23	413353
21/05/2015 16:00:00	35.48	35.64	35.22	35.55	377296
22/05/2015 16:00:00	35.51	35.51	34.86	35.18	304364
25/05/2015 16:00:00	35.29	35.35	35	35.1	78260
26/05/2015 16:00:00	35.07	35.35	34.57	34.77	477335
27/05/2015 16:00:00	34.9	35.23	34.74	35.07	431499
28/05/2015 16:00:00	34.99	35.22	34.77	34.88	406829
29/05/2015 16:00:00	34.82	34.86	34.21	34.37	801429
01/06/2015 16:00:00	34.36	34.41	33.91	33.96	577244
02/06/2015 16:00:00	34.09	34.11	33.81	33.98	572834
03/06/2015 16:00:00	33.9	34.55	33.88	34.42	490742
04/06/2015 16:00:00	34.41	34.93	34.33	34.85	796787
05/06/2015 16:00:00	34.75	35.02	34.59	34.67	291476
08/06/2015 16:00:00	34.59	34.85	34.29	34.53	406577
09/06/2015 16:00:00	34.51	34.51	33.93	34.35	632022
10/06/2015 16:00:00	34.46	34.53	34.31	34.44	266791
11/06/2015 16:00:00	34.37	34.62	34.34	34.5	326862
12/06/2015 16:00:00	34.37	34.76	34.34	34.4	352699
15/06/2015 16:00:00	34.36	34.54	34.27	34.37	283353
16/06/2015 16:00:00	34.25	34.42	34.11	34.15	1572446
17/06/2015 16:00:00	34.13	34.23	33.99	34.04	458500
18/06/2015 16:00:00	34.04	34.2	33.92	34.05	383784
19/06/2015 16:00:00	33.37	33.8	33.15	33.6	2613529
23/06/2015 16:00:00	34	34.2	33.72	33.79	356137
24/06/2015 16:00:00	33.82	34.11	33.6	33.83	342070
25/06/2015 16:00:00	33.84	34.11	33.77	34.06	279198
26/06/2015 16:00:00	34.13	34.37	33.8	33.98	324823
29/06/2015 16:00:00	33.67	34.03	32.93	33.15	311325
30/06/2015 16:00:00	33.23	33.87	33.1	33.52	557930
02/07/2015 16:00:00	33.86	34.25	33.24	33.47	354935
03/07/2015 16:00:00	33.34	34.27	33.34	34.27	113678
06/07/2015 16:00:00	33.97	33.97	33.47	33.58	963240
07/07/2015 16:00:00	33.67	34	33.27	33.92	679341
08/07/2015 16:00:00	33.75	33.99	33.32	33.47	695499
09/07/2015 16:00:00	33.64	34.04	33.36	33.43	742104
10/07/2015 16:00:00	33.58	33.73	33.37	33.6	582055
13/07/2015 16:00:00	33.72	34.38	33.67	34.28	271072
14/07/2015 16:00:00	34.35	34.99	34	34.82	364105
15/07/2015 16:00:00	34.9	35.28	34.55	35.23	276113
16/07/2015 16:00:00	35.43	35.79	35.34	35.53	554567
17/07/2015 16:00:00	35.61	36.28	35.43	36.15	293415
20/07/2015 16:00:00	36.3	36.3	35.53	35.59	280394
21/07/2015 16:00:00	35.55	35.94	35	35.29	426833
22/07/2015 16:00:00	35.13	35.58	34.96	35.44	193347
23/07/2015 16:00:00	35.38	35.62	35.02	35.36	194508
24/07/2015 16:00:00	35.49	35.68	35.32	35.55	385797
27/07/2015 16:00:00	35.54	35.7	35.35	35.6	362554
28/07/2015 16:00:00	35.57	35.65	34.49	34.58	410363
29/07/2015 16:00:00	34.58	35.33	34.48	35.24	537079
30/07/2015 16:00:00	35.19	35.24	34.85	35	896071
31/07/2015 16:00:00	35.12	35.77	34.87	35.59	764948
04/08/2015 16:00:00	35.79	36.35	35.62	36.3	1919813
05/08/2015 16:00:00	36.35	36.75	36.28	36.57	516232
06/08/2015 16:00:00	36.64	36.64	36.04	36.16	549001
07/08/2015 16:00:00	36.23	36.33	35.6	36.23	395316
10/08/2015 16:00:00	36.15	36.5	35.92	36.43	550405
11/08/2015 16:00:00	36.21	36.6	36.04	36.5	486548
12/08/2015 16:00:00	36.74	36.79	35.91	36.57	791187
13/08/2015 16:00:00	37.02	38.1	37.02	37.6	1225813
14/08/2015 16:00:00	37.6	37.95	37.53	37.62	691089
17/08/2015 16:00:00	37.6	37.6	37.29	37.57	450860
18/08/2015 16:00:00	37.61	37.61	37.04	37.23	459298
19/08/2015 16:00:00	37.35	37.75	37.03	37.53	590250
20/08/2015 16:00:00	37.31	37.34	36.78	36.78	411778
21/08/2015 16:00:00	36.64	36.85	36.06	36.06	623330
24/08/2015 16:00:00	33	35.64	32.87	35.16	688654
25/08/2015 16:00:00	36.09	36.79	35.54	35.6	597847
26/08/2015 16:00:00	36.1	36.16	34.7	35.44	922312
27/08/2015 16:00:00	35.46	35.7	35.17	35.5	776976
28/08/2015 16:00:00	35.34	35.65	34.95	35.52	943499
31/08/2015 16:00:00	35.52	36.01	34.29	34.74	799500
01/09/2015 16:00:00	34.03	34.77	34.02	34.31	625928
02/09/2015 16:00:00	34.57	34.85	34.26	34.66	1023413
03/09/2015 16:00:00	34.78	34.91	34.35	34.65	396958
04/09/2015 16:00:00	34.4	34.64	34.26	34.28	321681
08/09/2015 16:00:00	34.69	34.93	34.49	34.61	641139
09/09/2015 16:00:00	34.84	35.11	34.63	34.77	823173
10/09/2015 16:00:00	34.66	34.92	34.55	34.58	490672
11/09/2015 16:00:00	34.49	34.61	34.22	34.3	760342
14/09/2015 16:00:00	34.3	34.54	34.15	34.15	901709
15/09/2015 16:00:00	34.04	34.52	33.94	34.43	1226779
16/09/2015 16:00:00	34.46	35.62	34.32	35.26	1086782
17/09/2015 16:00:00	35.27	35.64	35.12	35.45	1014958
18/09/2015 16:00:00	35.02	36.05	35.02	35.22	2582377
21/09/2015 16:00:00	35.89	35.99	35.42	35.94	654150
22/09/2015 16:00:00	35.67	36	35.25	35.86	647842
23/09/2015 16:00:00	35.91	36.03	35.55	35.81	499660
24/09/2015 16:00:00	35.71	36.14	35.65	35.74	715450
25/09/2015 16:00:00	35.98	36.15	35.64	35.73	573461
28/09/2015 16:00:00	35.61	36.25	35.6	36.05	604082
29/09/2015 16:00:00	36.02	36.25	35.64	36.05	639264
30/09/2015 16:00:00	36.25	36.6	36	36.36	616904
01/10/2015 16:00:00	36.47	36.48	35.88	36.19	728240
02/10/2015 16:00:00	35.86	36.3	35.86	36.23	431702
05/10/2015 16:00:00	36.44	36.89	36.4	36.59	478357
06/10/2015 16:00:00	36.65	36.81	35.9	35.93	484411
07/10/2015 16:00:00	36.1	36.32	35.67	35.96	419971
08/10/2015 16:00:00	35.88	36.48	35.88	36.36	441828
09/10/2015 16:00:00	36.43	36.43	36.02	36.06	325618
13/10/2015 16:00:00	35.96	36.87	35.89	36.69	608439
14/10/2015 16:00:00	36.69	36.96	36.52	36.63	478987
15/10/2015 16:00:00	36.87	36.88	36.54	36.59	440773
16/10/2015 16:00:00	36.79	36.8	36.5	36.5	256199
19/10/2015 16:00:00	36.5	36.92	36.48	36.78	481196
20/10/2015 16:00:00	36.88	37.22	36.78	37.08	537203
21/10/2015 16:00:00	37.22	37.48	37.05	37.33	442953
22/10/2015 16:00:00	37.37	37.97	37.37	37.9	629172
23/10/2015 16:00:00	38	38.16	37.62	38.08	565630
26/10/2015 16:00:00	38.14	38.17	37.21	37.3	656459
27/10/2015 16:00:00	37.19	37.33	36.68	36.78	741386
28/10/2015 16:00:00	36.8	37.55	36.42	37.42	573228
29/10/2015 16:00:00	37.42	37.42	36.73	37.23	459064
30/10/2015 16:00:00	37.2	37.64	37.2	37.39	1059207
02/11/2015 16:00:00	37.39	37.43	36.94	37.4	716483
03/11/2015 16:00:00	37.45	37.45	36.92	37.3	490575
04/11/2015 16:00:00	37.44	37.9	37.4	37.78	377444
05/11/2015 16:00:00	37.79	38.06	37.58	37.75	329610
06/11/2015 16:00:00	37.95	37.95	37.07	37.34	340721
09/11/2015 16:00:00	37.34	37.61	37.12	37.43	672845
10/11/2015 16:00:00	37.36	37.49	37.09	37.15	799197
11/11/2015 16:00:00	37.2	37.39	36.75	37.32	385373
12/11/2015 16:00:00	37.24	37.49	36.05	36.05	428095
13/11/2015 16:00:00	36	36.44	35.71	35.8	362149
16/11/2015 16:00:00	35.97	37.21	35.81	37.21	469051
18/11/2015 16:00:00	38.43	38.62	37.63	37.95	741241
19/11/2015 16:00:00	38.11	38.86	38.07	38.62	759582
24/11/2015 16:00:00	38	38.58	37.89	38.35	751449
25/11/2015 16:00:00	38.43	39.02	38.36	38.88	607775
26/11/2015 16:00:00	39	39	38.62	38.63	145659
27/11/2015 16:00:00	38.54	38.81	38.27	38.75	328671
30/11/2015 16:00:00	38.91	38.92	38.34	38.46	974652
01/12/2015 16:00:00	38.45	39.68	38.41	39.61	1022924
02/12/2015 16:00:00	39.53	39.72	39.13	39.33	614857
03/12/2015 16:00:00	39.49	39.49	38.57	38.75	314594
04/12/2015 16:00:00	38.73	38.97	38.3	38.65	400512
07/12/2015 16:00:00	38.65	39.05	38.36	38.95	693828
09/12/2015 16:00:00	38.32	38.7	37.98	38.65	967776
10/12/2015 16:00:00	38.6	39.58	38.51	39.32	939556
11/12/2015 16:00:00	39.01	39.18	38.17	38.29	651352
14/12/2015 16:00:00	38.42	38.8	38.21	38.55	584795
15/12/2015 16:00:00	38.79	39.23	38.67	39.21	770304
16/12/2015 16:00:00	39.25	39.28	38.56	38.96	657915
17/12/2015 16:00:00	39.04	39.12	38.45	38.61	523143
18/12/2015 16:00:00	38.45	39.21	38.45	38.95	1631215
21/12/2015 16:00:00	39.18	39.48	38.91	39.17	424749
22/12/2015 16:00:00	39.3	39.38	38.62	39.28	304078
23/12/2015 16:00:00	39.46	39.47	38.95	39.25	259796
24/12/2015 16:00:00	39.28	39.65	39.15	39.37	165740
29/12/2015 16:00:00	39.54	40.1	39.46	39.91	325847
30/12/2015 16:00:00	39.94	40.13	39.82	39.93	310235
31/12/2015 16:00:00	39.73	39.74	38.59	38.74	526656
04/01/2016 16:00:00	38.5	38.64	37.95	38.56	419203
05/01/2016 16:00:00	38.54	38.75	37.97	38.24	383428
07/01/2016 16:00:00	38.04	38.64	37.8	38.39	469483
11/01/2016 16:00:00	38.76	38.89	37.75	38.06	424524
12/01/2016 16:00:00	38.12	39	38.12	38.74	453199
13/01/2016 16:00:00	39.02	39.25	38.5	38.68	873563
14/01/2016 16:00:00	38.65	39.55	37.8	39.51	830103
15/01/2016 16:00:00	38.47	40.01	38.27	40.01	1841327
18/01/2016 16:00:00	39.77	39.88	38.92	39.36	991121
19/01/2016 16:00:00	39.65	40.36	39.32	39.86	696288
20/01/2016 16:00:00	39.49	39.9	38.88	39.47	1485329
21/01/2016 16:00:00	39.61	40.24	39.25	39.86	1196092
22/01/2016 16:00:00	40.24	41.8	40	41.61	1276984
25/01/2016 16:00:00	41.61	41.91	41.36	41.88	2258973
26/01/2016 16:00:00	41.6	41.99	40.17	40.27	1292369
27/01/2016 16:00:00	40.49	41.56	40.08	40.31	1303522
28/01/2016 16:00:00	40.49	41.97	40.16	41.68	1224932
29/01/2016 16:00:00	41.64	41.83	41.05	41.41	1323495
01/02/2016 16:00:00	41.6	41.75	41.07	41.22	675715
02/02/2016 16:00:00	40.85	41.13	40.71	41	809962
03/02/2016 16:00:00	41.12	41.59	40.8	41.34	656967
04/02/2016 16:00:00	41.42	41.48	41.05	41.1	349008
05/02/2016 16:00:00	41	41.32	40.75	41.09	393508
08/02/2016 16:00:00	40.93	40.97	40.05	40.56	717792
09/02/2016 16:00:00	40.56	41.06	40.47	41.05	939412
10/02/2016 16:00:00	41.37	41.75	40.95	41.12	591934
11/02/2016 16:00:00	40.93	41.12	40.32	40.91	457606
12/02/2016 16:00:00	40.77	40.99	40.1	40.5	454160
16/02/2016 16:00:00	40.45	41.11	40.11	40.45	855803
17/02/2016 16:00:00	40.67	41.43	40.4	41.28	631400
18/02/2016 16:00:00	41.49	41.79	41.31	41.51	705197
19/02/2016 16:00:00	41.31	41.65	41.16	41.46	693613
22/02/2016 16:00:00	41.54	42.43	41.52	41.61	765779
23/02/2016 16:00:00	41.67	42.4	41.55	42.3	471406
24/02/2016 16:00:00	41.98	42.58	41.4	42.48	701803
25/02/2016 16:00:00	42.55	42.83	41.98	42.57	619852
26/02/2016 16:00:00	42.71	43.44	42.65	43.35	554169
29/02/2016 16:00:00	43.59	43.78	42.94	43.24	842241
01/03/2016 16:00:00	43.25	43.8	42.87	43.64	440038
02/03/2016 16:00:00	43.63	43.63	42.63	43.04	533581
03/03/2016 16:00:00	43.05	43.42	42.54	42.82	529355
04/03/2016 16:00:00	42.95	42.95	42.15	42.55	647977
07/03/2016 16:00:00	42.39	43.58	42.12	42.93	567953
08/03/2016 16:00:00	43.11	43.91	42.98	43.88	501176
09/03/2016 16:00:00	44.05	44.56	43.66	43.76	549027
10/03/2016 16:00:00	44.16	44.16	43.08	43.47	518754
11/03/2016 16:00:00	43.89	43.89	43.13	43.18	529560
14/03/2016 16:00:00	43.11	43.62	42.92	43.16	771337
15/03/2016 16:00:00	43.35	43.55	42.95	43.35	1135966
16/03/2016 16:00:00	43.3	44.49	43.21	43.82	506556
17/03/2016 16:00:00	44.1	44.33	43.82	43.99	610674
18/03/2016 16:00:00	43.87	43.94	43.16	43.19	1517627
21/03/2016 16:00:00	43.27	43.46	42.88	43.4	321405
22/03/2016 16:00:00	43.25	43.41	42.91	43	313955
23/03/2016 16:00:00	43.39	43.44	42.84	43.1	621590
24/03/2016 16:00:00	42.95	43.5	42.94	43.27	289955
28/03/2016 16:00:00	43.26	43.59	43.11	43.56	217084
29/03/2016 16:00:00	43.57	43.77	43.31	43.46	271014
30/03/2016 16:00:00	43.69	45.1	43.6	44.75	577382
31/03/2016 16:00:00	45.05	45.29	44.75	45.06	911573
01/04/2016 16:00:00	45	45.15	44.36	44.72	595828
04/04/2016 16:00:00	44.75	44.96	44.51	44.96	324951
06/04/2016 16:00:00	43.69	43.69	41.87	42.08	1419814
07/04/2016 16:00:00	42.06	42.27	41.52	41.95	694511
08/04/2016 16:00:00	42.13	42.63	42.11	42.49	593189
11/04/2016 16:00:00	42.47	42.7	42.12	42.2	448746
12/04/2016 16:00:00	42.3	42.93	42.3	42.59	666475
13/04/2016 16:00:00	42.97	43.09	41.89	42.14	444037
14/04/2016 16:00:00	42.2	42.49	41.93	42.06	532747
15/04/2016 16:00:00	42.2	42.89	42.2	42.69	482452
18/04/2016 16:00:00	42.37	42.73	42.23	42.3	543827
19/04/2016 16:00:00	42.49	42.88	41.67	42	904519
20/04/2016 16:00:00	42.9	43.33	42.6	43.05	759663
21/04/2016 16:00:00	43	43.44	42.32	42.5	595709
22/04/2016 16:00:00	42.61	42.83	41.86	42.25	496806
25/04/2016 16:00:00	42.1	43.02	42.1	42.88	516164
26/04/2016 16:00:00	42.89	43.05	42.11	42.17	473185
27/04/2016 16:00:00	42.33	42.6	42.06	42.49	460324
28/04/2016 16:00:00	42.32	42.57	42.25	42.37	283669
29/04/2016 16:00:00	42.25	42.25	41.65	41.99	619718
02/05/2016 16:00:00	42	42.65	41.9	42.53	311127
03/05/2016 16:00:00	42.3	42.51	41.89	42.39	394985
04/05/2016 16:00:00	42.43	43.39	42.26	43.18	441188
05/05/2016 16:00:00	43.16	43.28	42.7	42.97	378142
06/05/2016 16:00:00	42.8	43.03	42.57	42.7	226393
09/05/2016 16:00:00	42.7	43.27	42.7	42.96	382618
10/05/2016 16:00:00	43	43.16	42.61	43	424945
11/05/2016 16:00:00	43.01	43.17	42.62	42.8	353309
12/05/2016 16:00:00	43.09	43.16	42.33	42.8	463179
13/05/2016 16:00:00	42.85	43.64	42.8	43.4	595355
16/05/2016 16:00:00	43.4	43.8	43.33	43.55	293234
17/05/2016 16:00:00	43.56	43.6	42.35	42.55	611931
18/05/2016 16:00:00	42.55	42.8	42.16	42.48	598520
19/05/2016 16:00:00	42.42	43.06	42.17	42.99	578105
20/05/2016 16:00:00	43	43.97	42.99	43.47	612736
24/05/2016 16:00:00	43.54	44.7	43.5	44.29	546373
25/05/2016 16:00:00	44.38	44.38	43.91	44.16	326690
26/05/2016 16:00:00	44.26	44.77	44.26	44.58	409617
27/05/2016 16:00:00	44.59	44.68	44.25	44.27	311426
30/05/2016 16:00:00	44.28	44.71	44.27	44.39	174824
31/05/2016 16:00:00	44.48	44.73	44.42	44.43	906742
01/06/2016 16:00:00	44.39	44.72	44.31	44.66	283585
02/06/2016 16:00:00	44.6	45.12	44.6	44.91	290771
03/06/2016 16:00:00	44.93	45.3	44.79	45.11	368826
06/06/2016 16:00:00	45.23	45.36	44.92	45.03	312779
07/06/2016 16:00:00	45.15	45.27	44.85	45.05	440504
08/06/2016 16:00:00	45.16	45.21	44.8	44.89	421469
09/06/2016 16:00:00	44.78	45.19	44.58	44.85	456038
10/06/2016 16:00:00	44.62	44.74	43.92	44.12	412727
13/06/2016 16:00:00	43.97	44.41	43.75	44.16	344045
14/06/2016 16:00:00	44.04	44.57	44.04	44.18	322685
15/06/2016 16:00:00	44.07	44.18	43.56	43.75	491858
16/06/2016 16:00:00	43.62	44.62	43.56	44.42	485329
17/06/2016 16:00:00	44.5	44.61	43.91	44.02	1900882
20/06/2016 16:00:00	44.41	44.52	44.01	44.06	410361
21/06/2016 16:00:00	44.15	44.25	43.52	43.71	600659
22/06/2016 16:00:00	43.7	44.08	43.57	43.74	404748
23/06/2016 16:00:00	43.99	44.29	43.69	43.75	301436
24/06/2016 16:00:00	42.96	44.25	42.5	44.15	596505
27/06/2016 16:00:00	44.1	44.81	43.87	44.68	607927
28/06/2016 16:00:00	44.63	45.58	44.47	45.51	647096
29/06/2016 16:00:00	45.42	45.86	44.29	44.95	914571
30/06/2016 16:00:00	45.05	45.55	44.9	45.01	681873
04/07/2016 16:00:00	44.9	45.07	44.83	44.95	154473
05/07/2016 16:00:00	45.05	46.41	45.05	46.13	640800
06/07/2016 16:00:00	45.99	46.58	45.67	46.43	774666
07/07/2016 16:00:00	46.51	46.59	45.93	46.14	311542
08/07/2016 16:00:00	46.23	46.57	45.86	45.94	314267
11/07/2016 16:00:00	46.38	46.66	45.79	46.44	397943
12/07/2016 16:00:00	46.6	46.82	46.38	46.45	364317
13/07/2016 16:00:00	46.51	47.44	46.51	47.22	360052
14/07/2016 16:00:00	47.47	47.55	46.97	47.14	257569
15/07/2016 16:00:00	47.19	47.35	46.79	46.94	210672
18/07/2016 16:00:00	46.99	47.1	46.84	47.05	233861
19/07/2016 16:00:00	46.97	47.8	46.97	47.75	511164
20/07/2016 16:00:00	47.83	48.19	47.7	47.82	404421
21/07/2016 16:00:00	47.85	47.88	47.32	47.83	225354
22/07/2016 16:00:00	47.92	48.1	47.68	47.84	346350
25/07/2016 16:00:00	47.84	48.08	47.46	47.72	531623
26/07/2016 16:00:00	47.63	47.99	47.08	47.3	466902
27/07/2016 16:00:00	47.39	47.54	46.86	47.3	574283
28/07/2016 16:00:00	47.26	47.63	47.09	47.37	349771
29/07/2016 16:00:00	47.41	47.61	47.31	47.47	322000
02/08/2016 16:00:00	47.56	47.98	47.05	47.52	364466
03/08/2016 16:00:00	47.57	47.82	46.76	47.06	440414
04/08/2016 16:00:00	47.12	47.63	46.52	46.69	343466
05/08/2016 16:00:00	46.8	47.16	46.77	47.08	296966
08/08/2016 16:00:00	47.03	47.27	46.64	47.05	208325
09/08/2016 16:00:00	46.94	47.59	46.94	47.36	251223
10/08/2016 16:00:00	47.61	47.62	46.93	47.15	220779
11/08/2016 16:00:00	47.26	47.43	46.69	47.25	379699
12/08/2016 16:00:00	46.91	46.91	45.13	45.3	1023362
15/08/2016 16:00:00	45.43	45.72	44.91	45	798655
16/08/2016 16:00:00	45.06	45.83	45	45.44	619194
17/08/2016 16:00:00	45.4	45.78	45.1	45.63	450414
18/08/2016 16:00:00	45.65	45.73	44.92	45.08	448119
19/08/2016 16:00:00	45.15	45.18	44.38	44.73	595396
22/08/2016 16:00:00	44.79	45.58	44.77	45.44	635837
23/08/2016 16:00:00	45.45	45.8	45.01	45.08	335862
24/08/2016 16:00:00	45.15	45.82	45.05	45.45	546744
25/08/2016 16:00:00	45.43	45.6	45.02	45.07	556304
26/08/2016 16:00:00	45.08	45.1	44.41	44.66	624249
29/08/2016 16:00:00	44.74	45.16	44.57	44.65	590805
30/08/2016 16:00:00	44.67	44.94	44.2	44.56	711206
31/08/2016 16:00:00	44.4	44.91	44.18	44.54	666398
01/09/2016 16:00:00	44.48	44.67	44.22	44.64	589452
02/09/2016 16:00:00	44.71	45.19	44.54	45	341333
06/09/2016 16:00:00	45.12	45.15	44.3	44.67	709485
07/09/2016 16:00:00	44.7	44.79	43.95	44.13	526701
08/09/2016 16:00:00	43.88	44.27	43.69	44.12	695346
09/09/2016 16:00:00	43.97	43.97	42.99	43.25	775999
12/09/2016 16:00:00	43.31	43.38	42.55	42.93	617955
13/09/2016 16:00:00	42.8	42.96	42.27	42.67	714797
14/09/2016 16:00:00	42.82	43.26	42.56	42.78	447066
15/09/2016 16:00:00	42.74	43.28	42.71	43.19	554466
16/09/2016 16:00:00	43.31	43.36	42.72	43.15	903268
19/09/2016 16:00:00	43.02	43.34	42.87	43.3	481030
20/09/2016 16:00:00	43.4	43.99	43.37	43.75	501174
21/09/2016 16:00:00	43.77	43.83	43.36	43.63	271119
22/09/2016 16:00:00	43.8	43.93	43.73	43.82	291147
23/09/2016 16:00:00	43.8	44.47	43.78	44.09	536257
26/09/2016 16:00:00	43.99	43.99	43.27	43.62	495606
27/09/2016 16:00:00	43.68	43.71	43.25	43.61	661919
28/09/2016 16:00:00	43.69	43.9	43.39	43.46	326780
29/09/2016 16:00:00	43.48	43.62	43.31	43.38	222073
30/09/2016 16:00:00	43.53	43.61	43.05	43.07	617866
03/10/2016 16:00:00	43	43.12	42.61	42.86	872127
04/10/2016 16:00:00	42.81	43.1	42.1	42.24	803768
05/10/2016 16:00:00	42.21	42.33	41.68	42.12	858940
06/10/2016 16:00:00	42.08	42.24	41.56	41.68	1020205
07/10/2016 16:00:00	41.65	41.79	41.05	41.45	971825
11/10/2016 16:00:00	41.44	41.57	41.04	41.13	894742
12/10/2016 16:00:00	41.13	41.64	40.7	41.5	1073194
13/10/2016 16:00:00	41.42	41.55	41.01	41.46	764428
14/10/2016 16:00:00	41.49	41.73	41.27	41.6	535846
17/10/2016 16:00:00	41.67	41.82	41.46	41.74	666642
18/10/2016 16:00:00	41.9	41.91	41.6	41.79	765142
19/10/2016 16:00:00	41.75	42.34	41.51	42.12	822164
20/10/2016 16:00:00	42.08	42.3	41.9	42.03	754550
21/10/2016 16:00:00	42	42.03	41.42	41.87	834011
24/10/2016 16:00:00	41.76	42.55	41.5	42.28	430330
25/10/2016 16:00:00	42.28	42.3	41.62	41.73	466804
26/10/2016 16:00:00	41.7	42.45	41.58	42.08	715530
27/10/2016 16:00:00	41.87	42.16	41.67	41.73	570630
28/10/2016 16:00:00	41.71	41.78	41.3	41.56	512976
31/10/2016 16:00:00	41.56	42	41.41	41.46	608909
01/11/2016 16:00:00	41.5	41.95	41.17	41.51	924630
02/11/2016 16:00:00	41.44	41.73	40.82	40.86	457818
03/11/2016 16:00:00	40.9	41.19	40.76	40.81	438974
04/11/2016 16:00:00	40.86	40.88	40.46	40.73	495614
07/11/2016 16:00:00	40.78	41.22	40.73	40.99	336560
08/11/2016 16:00:00	40.96	41.15	40.78	40.99	287873
09/11/2016 16:00:00	40.45	41.26	40.4	41.1	574502
10/11/2016 16:00:00	41.11	41.11	40.07	40.33	696644
11/11/2016 16:00:00	40.32	40.37	39.45	39.69	532023
14/11/2016 16:00:00	39.71	39.89	38.6	39.72	696664
15/11/2016 16:00:00	39.98	40.78	39.63	40.75	772326
16/11/2016 16:00:00	42	43.91	41.65	41.71	1244784
17/11/2016 16:00:00	41.95	42.37	41.63	42.17	779891
18/11/2016 16:00:00	42.17	42.18	40.53	41.11	910601
21/11/2016 16:00:00	41.3	41.74	40.92	41.59	409230
22/11/2016 16:00:00	41.66	41.87	41.37	41.69	432355
23/11/2016 16:00:00	41.7	41.79	41.52	41.67	313114
24/11/2016 16:00:00	41.7	41.85	41.42	41.51	214577
25/11/2016 16:00:00	41.51	41.98	41.5	41.77	215785
28/11/2016 16:00:00	41.74	41.74	41.15	41.27	963001
29/11/2016 16:00:00	41.33	41.5	40.85	41.05	653858
30/11/2016 16:00:00	41.01	41.11	40.88	40.91	1070757
01/12/2016 16:00:00	41.06	41.06	40.21	40.32	685038
02/12/2016 16:00:00	40.37	40.74	40.21	40.33	487292
05/12/2016 16:00:00	40.53	40.53	39.85	40.15	592998
06/12/2016 16:00:00	40.18	40.4	39.85	39.86	703389
07/12/2016 16:00:00	39.87	40.79	39.81	40.35	726962
08/12/2016 16:00:00	40.36	40.8	40.14	40.51	501520
09/12/2016 16:00:00	40.62	40.89	40.55	40.7	441884
12/12/2016 16:00:00	40.66	40.79	40.3	40.64	576545
13/12/2016 16:00:00	40.64	40.9	40.6	40.68	654954
14/12/2016 16:00:00	40.7	41.05	40.08	40.28	683578
15/12/2016 16:00:00	40.25	40.55	40.01	40.15	591754
16/12/2016 16:00:00	40.29	40.78	40.21	40.3	2076712
19/12/2016 16:00:00	40.3	40.65	40.23	40.23	397758
20/12/2016 16:00:00	40.14	40.44	39.87	39.94	734390
21/12/2016 16:00:00	39.9	40.42	39.87	40.22	545937
22/12/2016 16:00:00	40.21	40.37	39.89	40.26	419675
23/12/2016 16:00:00	40.32	40.48	40.11	40.19	197060
28/12/2016 16:00:00	40.27	40.34	39.88	39.9	411801
29/12/2016 16:00:00	39.85	40.25	39.78	40.24	442550
30/12/2016 16:00:00	40.25	40.35	40.11	40.16	369634
03/01/2017 16:00:00	40.3	40.39	39.92	40.13	385286
04/01/2017 16:00:00	40.12	40.12	39.71	39.72	482002
05/01/2017 16:00:00	39.72	39.94	39.53	39.85	549159
06/01/2017 16:00:00	39.82	39.82	39.35	39.63	814243
09/01/2017 16:00:00	39.57	40.29	39.34	40.02	526121
10/01/2017 16:00:00	39.97	40.03	39.47	39.84	764065
11/01/2017 16:00:00	39.85	40.15	39.8	40.05	798005
12/01/2017 16:00:00	40.04	40.22	39.75	40.15	840346
13/01/2017 16:00:00	40.25	40.94	40.11	40.76	476028
16/01/2017 16:00:00	40.85	40.94	40.56	40.61	271459
17/01/2017 16:00:00	40.84	41.52	40.74	41.27	690891
18/01/2017 16:00:00	41.17	42.35	41.17	42.22	1052558
19/01/2017 16:00:00	42.22	42.25	41.09	41.36	887705
20/01/2017 16:00:00	41.37	41.67	40.77	41.2	782705
23/01/2017 16:00:00	41.15	41.3	40.27	40.58	625993
24/01/2017 16:00:00	40.54	40.77	40.08	40.6	732751
25/01/2017 16:00:00	40.84	40.9	40.15	40.23	680569
26/01/2017 16:00:00	40.23	40.33	39.73	39.96	725012
27/01/2017 16:00:00	39.98	39.98	39.52	39.87	487742
30/01/2017 16:00:00	39.86	39.87	38	39.67	1559007
31/01/2017 16:00:00	39.59	39.67	39.16	39.53	887011
01/02/2017 16:00:00	39.61	39.67	39.07	39.15	508463
02/02/2017 16:00:00	39.15	39.24	38.82	38.99	505239
03/02/2017 16:00:00	39.13	39.33	38.82	39.26	465002
06/02/2017 16:00:00	39.22	39.25	38.85	39.19	540406
07/02/2017 16:00:00	39.15	39.3	39.01	39.26	489825
08/02/2017 16:00:00	39.3	39.65	39.07	39.58	767035
09/02/2017 16:00:00	39.58	40.35	39.51	40.05	511836
10/02/2017 16:00:00	40.05	40.43	39.87	40.23	714002
13/02/2017 16:00:00	40.12	40.13	39.78	39.87	548491
14/02/2017 16:00:00	39.81	40.01	39.56	39.86	620512
15/02/2017 16:00:00	39.83	40.14	39.68	40.08	606024
16/02/2017 16:00:00	40	40.25	39.4	40.17	787189
17/02/2017 16:00:00	40.1	40.22	39.72	40.17	412879
21/02/2017 16:00:00	40.15	40.5	39.93	40.05	637409
22/02/2017 16:00:00	39.97	40.05	39.69	39.71	685786
23/02/2017 16:00:00	39.71	40.38	39.61	40.24	606842
24/02/2017 16:00:00	40.19	40.19	39.53	39.71	471124
27/02/2017 16:00:00	39.68	39.68	39.1	39.49	1024168
28/02/2017 16:00:00	39.14	39.41	38.73	38.73	1278586
01/03/2017 16:00:00	39	39.17	38.59	38.73	1209059
02/03/2017 16:00:00	38.99	38.99	38.45	38.92	629859
03/03/2017 16:00:00	38.84	39.17	38.76	38.89	524769
06/03/2017 16:00:00	38.91	39.13	38.52	38.87	678058
07/03/2017 16:00:00	38.8	39.54	38.71	39.46	1216258
08/03/2017 16:00:00	39.46	40.01	39.33	40	546794
09/03/2017 16:00:00	40.01	40.34	39.95	40.15	572421
10/03/2017 16:00:00	40.22	40.35	39.79	40.35	420947
13/03/2017 16:00:00	40.39	40.68	40.28	40.62	913292
14/03/2017 16:00:00	40.6	40.64	40.19	40.28	804288
15/03/2017 16:00:00	40.26	40.75	40.17	40.57	514046
16/03/2017 16:00:00	40.65	40.93	40.64	40.84	511000
17/03/2017 16:00:00	40.79	41.1	40.75	40.88	2276023
20/03/2017 16:00:00	40.85	40.99	40.5	40.76	523524
21/03/2017 16:00:00	40.87	41.02	40.68	40.9	716645
22/03/2017 16:00:00	40.95	41.35	40.73	41.26	737341
23/03/2017 16:00:00	41.14	41.7	40.89	41.28	605105
24/03/2017 16:00:00	41.17	41.62	41.17	41.4	572991
27/03/2017 16:00:00	41.49	41.61	41.25	41.58	426375
28/03/2017 16:00:00	41.72	42	41.44	41.47	452060
29/03/2017 16:00:00	41.26	41.47	40.9	41.07	635401
30/03/2017 16:00:00	41.12	41.33	40.93	41.01	505613
31/03/2017 16:00:00	41.15	41.29	40.82	40.85	629144
03/04/2017 16:00:00	40.85	41.29	40.73	41.21	438952
04/04/2017 16:00:00	40.82	41.33	40.81	41.06	398876
05/04/2017 16:00:00	41.06	41.29	41.01	41.03	474967
06/04/2017 16:00:00	41.05	41.15	40.91	41.05	798776
07/04/2017 16:00:00	41.21	41.21	40.92	41.14	227358
10/04/2017 16:00:00	40.96	41.5	40.96	41.46	249091
11/04/2017 16:00:00	41.43	41.49	40.85	41.34	458551
12/04/2017 16:00:00	41.21	41.55	41.13	41.52	371379
13/04/2017 16:00:00	41.47	41.85	41.47	41.61	440806
17/04/2017 16:00:00	41.71	42.03	41.71	41.9	335190
18/04/2017 16:00:00	41.76	41.82	41.27	41.74	285878
19/04/2017 16:00:00	41.72	41.87	41.58	41.69	353116
20/04/2017 16:00:00	41.65	42.35	41.65	42.25	530928
21/04/2017 16:00:00	42.3	42.4	42.1	42.35	403871
24/04/2017 16:00:00	42.49	42.84	42.02	42.28	634313
25/04/2017 16:00:00	43.5	45.43	43.5	45.18	1027465
26/04/2017 16:00:00	45.55	46.48	45.52	46.21	844366
27/04/2017 16:00:00	45.89	46.98	45.83	46.81	768928
28/04/2017 16:00:00	46.5	46.86	46.1	46.78	668347
01/05/2017 16:00:00	46.79	46.91	46.63	46.86	481626
02/05/2017 16:00:00	46.74	47.37	46.74	47.07	565376
03/05/2017 16:00:00	47.07	47.41	46.33	46.49	697513
04/05/2017 16:00:00	46.33	46.71	45.84	46.26	713233
05/05/2017 16:00:00	46.11	46.62	46.06	46.41	700080
08/05/2017 16:00:00	46.49	46.86	46.33	46.47	444852
09/05/2017 16:00:00	46.4	46.52	45.8	46.2	536386
10/05/2017 16:00:00	46.01	46.61	46	46.25	671352
11/05/2017 16:00:00	46.2	46.4	45.96	46.1	397006
12/05/2017 16:00:00	45.9	46.14	45.71	45.89	313114
15/05/2017 16:00:00	45.85	46.37	45.85	46.3	365566
16/05/2017 16:00:00	46.27	46.4	45.78	45.98	461440
17/05/2017 16:00:00	45.79	45.88	45.23	45.36	690361
18/05/2017 16:00:00	45.45	45.55	45.07	45.28	541228
19/05/2017 16:00:00	45.14	45.63	44.9	45.57	401086
23/05/2017 16:00:00	46.18	46.47	45.22	45.27	521854
24/05/2017 16:00:00	45.23	45.29	44.82	45.17	303531
25/05/2017 16:00:00	45.17	45.32	44.8	45.26	338855
26/05/2017 16:00:00	45.19	45.31	44.77	44.97	189790
29/05/2017 16:00:00	45	45.27	44.86	45	67069
30/05/2017 16:00:00	44.82	45.2	44.81	44.96	278108
31/05/2017 16:00:00	45.05	45.33	44.91	45.24	572552
01/06/2017 16:00:00	45.25	45.73	45.24	45.64	313116
02/06/2017 16:00:00	45.87	45.99	45.71	45.98	196460
05/06/2017 16:00:00	45.97	46	45.6	45.74	358682
06/06/2017 16:00:00	45.8	45.8	45.3	45.58	533357
07/06/2017 16:00:00	45.58	45.67	44.9	44.91	408476
08/06/2017 16:00:00	44.95	45.03	44.71	44.92	319036
09/06/2017 16:00:00	44.9	45.22	44.13	44.33	487282
12/06/2017 16:00:00	44.41	45.15	44.33	44.38	410545
13/06/2017 16:00:00	44.41	44.65	44.18	44.31	538684
14/06/2017 16:00:00	44.35	44.43	43.99	44	638298
15/06/2017 16:00:00	43.94	44.59	43.94	44.45	590060
16/06/2017 16:00:00	44.02	44.06	41.91	43.16	2957835
19/06/2017 16:00:00	43.22	43.72	43.04	43.52	614231
20/06/2017 16:00:00	43.52	43.72	42.87	43.04	654712
21/06/2017 16:00:00	43.15	43.38	42.95	43.25	400388
22/06/2017 16:00:00	43.23	43.5	43.13	43.19	729302
23/06/2017 16:00:00	43.14	43.32	43.01	43.15	278100
26/06/2017 16:00:00	43.07	43.31	42.97	43.17	335620
27/06/2017 16:00:00	43.21	43.28	42.9	43.25	394467
28/06/2017 16:00:00	43.34	43.66	43.01	43.05	260350
29/06/2017 16:00:00	42.97	43.03	42.31	42.5	341342
30/06/2017 16:00:00	42.64	42.75	42.42	42.68	402916
04/07/2017 16:00:00	42.49	42.67	42.26	42.5	223298
05/07/2017 16:00:00	42.57	42.69	42.35	42.51	341133
06/07/2017 16:00:00	42.49	42.59	42.2	42.31	595962
07/07/2017 16:00:00	42.19	42.57	42.01	42.54	457382
10/07/2017 16:00:00	42.53	42.63	42.22	42.47	234678
11/07/2017 16:00:00	42.26	42.49	42.26	42.46	348776
12/07/2017 16:00:00	42.49	42.74	42.32	42.5	352780
13/07/2017 16:00:00	42.51	42.69	42.3	42.49	437057
14/07/2017 16:00:00	42.41	42.69	42.41	42.57	217188
17/07/2017 16:00:00	42.55	42.69	42.45	42.51	298611
18/07/2017 16:00:00	42.5	42.63	42.47	42.55	810444
19/07/2017 16:00:00	42.55	42.9	42.55	42.64	227761
20/07/2017 16:00:00	42.8	42.97	42.66	42.92	210867
21/07/2017 16:00:00	42.89	42.89	42.59	42.82	339358
24/07/2017 16:00:00	42.78	42.78	42.41	42.73	225520
25/07/2017 16:00:00	42.71	43.22	42.71	43.11	360640
26/07/2017 16:00:00	43.09	43.09	42.04	42.35	1433157
27/07/2017 16:00:00	42.29	42.73	42.06	42.3	528474
28/07/2017 16:00:00	42.3	42.32	41.88	42.09	261851
31/07/2017 16:00:00	41.92	42.34	41.92	42.23	352895
01/08/2017 16:00:00	42.19	42.48	41.92	42.4	469237
02/08/2017 16:00:00	42.49	42.76	42.38	42.51	325015
03/08/2017 16:00:00	42.58	42.83	42.43	42.55	610315
04/08/2017 16:00:00	42.69	42.75	42.47	42.54	156961
08/08/2017 16:00:00	42.53	42.9	42.53	42.73	368660
09/08/2017 16:00:00	42.45	42.66	42.28	42.5	514868
10/08/2017 16:00:00	42.36	42.77	42.06	42.45	597334
11/08/2017 16:00:00	42.43	42.84	42.38	42.69	771964
14/08/2017 16:00:00	42.7	43.21	42.59	42.88	745469
15/08/2017 16:00:00	41.79	42.74	41.61	42.64	900860
16/08/2017 16:00:00	42.51	42.95	42.3	42.61	497760
17/08/2017 16:00:00	42.49	42.57	41.82	42.33	461425
18/08/2017 16:00:00	42.34	42.34	41.65	41.79	502775
21/08/2017 16:00:00	41.76	41.9	41.47	41.86	359882
22/08/2017 16:00:00	41.81	42.41	41.58	42.4	437405
23/08/2017 16:00:00	42.15	42.37	42.04	42.09	298866
24/08/2017 16:00:00	42.01	42.11	41.55	41.57	451704
25/08/2017 16:00:00	41.61	41.61	41.07	41.32	402940
28/08/2017 16:00:00	41.25	41.43	40.85	41.34	551205
29/08/2017 16:00:00	41.11	41.31	40.78	41.21	288985
30/08/2017 16:00:00	41.22	41.61	41.22	41.43	326654
31/08/2017 16:00:00	41.13	41.29	40.97	41.22	524216
01/09/2017 16:00:00	41	41	40.48	40.82	704374
05/09/2017 16:00:00	40.14	40.33	39.62	39.7	1400244
06/09/2017 16:00:00	39.56	39.71	38.78	39.47	751485
07/09/2017 16:00:00	39.53	40.1	39.43	39.98	591942
08/09/2017 16:00:00	39.98	40.05	39.69	39.76	576002
11/09/2017 16:00:00	39.85	40.09	39.71	40.01	415793
12/09/2017 16:00:00	40.03	40.11	39.93	40.03	505662
13/09/2017 16:00:00	40.03	40.05	39.77	39.9	509745
14/09/2017 16:00:00	39.96	40.35	39.81	40.26	643159
15/09/2017 16:00:00	40.11	40.21	39.59	39.99	2360390
18/09/2017 16:00:00	40.03	40.18	39.79	40.12	335962
19/09/2017 16:00:00	40.08	40.19	39.94	39.98	1161246
20/09/2017 16:00:00	39.93	40.22	39.93	40.06	313702
21/09/2017 16:00:00	39.98	40.13	39.95	40.06	478654
22/09/2017 16:00:00	40.07	40.57	40.07	40.08	571983
25/09/2017 16:00:00	40.09	40.17	39.99	40.11	432352
26/09/2017 16:00:00	40.13	40.2	39.98	40.09	274975
27/09/2017 16:00:00	40.21	44.33	40.21	43.61	1704968
28/09/2017 16:00:00	43.39	43.57	42.37	43	1087580
29/09/2017 16:00:00	43.11	43.29	42.91	42.91	862636
02/10/2017 16:00:00	43.27	43.33	42.16	42.36	1172849
03/10/2017 16:00:00	42.45	42.64	41.5	41.53	890471
04/10/2017 16:00:00	41.73	42.93	41.59	42.78	884642
05/10/2017 16:00:00	42.74	42.74	42.21	42.28	403690
06/10/2017 16:00:00	42.27	42.43	41.97	42.11	259854
10/10/2017 16:00:00	42.45	42.45	41.65	41.73	533334
11/10/2017 16:00:00	41.83	42.19	41.83	41.99	692466
12/10/2017 16:00:00	42.09	42.45	41.84	41.87	517813
13/10/2017 16:00:00	41.89	42.2	41.77	42.15	493920
16/10/2017 16:00:00	42.27	42.28	41.68	41.72	231363
17/10/2017 16:00:00	41.7	41.79	41.45	41.5	416336
18/10/2017 16:00:00	41.62	41.68	40.87	40.87	496377
19/10/2017 16:00:00	40.85	40.94	40.51	40.61	418323
20/10/2017 16:00:00	40.82	40.83	40.59	40.7	376749
23/10/2017 16:00:00	40.75	41.22	40.58	40.85	263492
24/10/2017 16:00:00	40.92	41.31	40.92	41.26	286693
25/10/2017 16:00:00	41.26	41.27	40.97	41.04	378085
26/10/2017 16:00:00	40.91	41.45	40.8	41.26	270061
27/10/2017 16:00:00	41.44	41.46	41.03	41.08	391546
30/10/2017 16:00:00	41	41.16	40.7	40.73	434133
31/10/2017 16:00:00	40.7	41.1	40.59	40.61	360378
01/11/2017 16:00:00	40.67	41.05	40.57	40.66	442308
02/11/2017 16:00:00	40.75	41.22	40.7	41.05	563457
03/11/2017 16:00:00	41.04	41.31	40.81	41.28	292742
06/11/2017 16:00:00	41.35	41.39	40.99	41	407894
07/11/2017 16:00:00	41	41.32	40.79	40.95	414628
08/11/2017 16:00:00	41.09	41.68	41.01	41.56	311696
09/11/2017 16:00:00	41.51	41.64	41.18	41.54	334730
10/11/2017 16:00:00	41.54	42.26	41.44	42.09	381159
13/11/2017 16:00:00	41.99	42.21	41.85	41.96	207281
14/11/2017 16:00:00	41.85	42.1	41.85	42.02	218749
15/11/2017 16:00:00	41.92	42.08	41.45	41.55	506229
16/11/2017 16:00:00	41.68	41.68	41.1	41.24	391896
17/11/2017 16:00:00	41.26	41.53	40.83	41.18	390023
20/11/2017 16:00:00	41.2	41.78	41.15	41.32	425760
21/11/2017 16:00:00	41.47	41.64	41.21	41.55	397434
22/11/2017 16:00:00	41.32	41.46	40.84	41.03	458818
23/11/2017 16:00:00	40.79	40.98	39.81	40	697734
24/11/2017 16:00:00	40.08	40.5	39.55	40.27	445171
27/11/2017 16:00:00	40.24	40.35	40	40.2	339304
28/11/2017 16:00:00	40.19	40.46	40.1	40.18	339271
29/11/2017 16:00:00	40.18	40.42	40.13	40.32	456896
30/11/2017 16:00:00	40.54	40.68	40.23	40.41	1015178
01/12/2017 16:00:00	40.32	40.78	40.23	40.63	410015
04/12/2017 16:00:00	40.73	40.75	40.23	40.3	332507
05/12/2017 16:00:00	40.37	40.68	40.27	40.32	381312
06/12/2017 16:00:00	40.37	41.07	40.32	40.73	390415
07/12/2017 16:00:00	40.82	41.2	40.74	40.98	389198
08/12/2017 16:00:00	41	41.22	40.73	40.83	371042
11/12/2017 16:00:00	40.84	40.88	40.47	40.51	414509
12/12/2017 16:00:00	40.59	40.89	40.28	40.82	528116
13/12/2017 16:00:00	40.79	41.02	40.79	40.8	487431
14/12/2017 16:00:00	40.9	41.2	40.52	40.6	461257
15/12/2017 16:00:00	40.63	41.09	40.63	40.72	1861485
18/12/2017 16:00:00	40.89	41.36	40.66	40.82	522476
19/12/2017 16:00:00	40.85	40.99	40.25	40.35	548716
20/12/2017 16:00:00	40.25	40.58	40.1	40.39	481615
21/12/2017 16:00:00	40.35	40.73	40.25	40.69	409037
22/12/2017 16:00:00	40.61	40.63	40.35	40.35	481711
27/12/2017 16:00:00	40.8	40.8	40.28	40.37	241988
28/12/2017 16:00:00	40.31	40.35	40.13	40.25	245506
29/12/2017 16:00:00	40.28	40.37	40.17	40.25	234901
02/01/2018 16:00:00	40.31	40.51	40.21	40.39	225266
03/01/2018 16:00:00	40.31	40.96	40.25	40.91	397653
04/01/2018 16:00:00	40.91	41.29	40.7	41.18	600761
05/01/2018 16:00:00	41.33	41.35	40.71	40.82	283184
08/01/2018 16:00:00	40.87	40.93	40.48	40.58	314023
09/01/2018 16:00:00	40.7	41.72	40.6	41.66	562789
10/01/2018 16:00:00	41.67	41.67	41.08	41.2	798940
11/01/2018 16:00:00	41.22	41.3	40.59	40.6	664478
12/01/2018 16:00:00	40.62	40.69	40.33	40.39	360867
15/01/2018 16:00:00	40.3	40.67	40.07	40.43	235701
16/01/2018 16:00:00	40.66	40.74	40.41	40.53	754386
17/01/2018 16:00:00	40.57	40.81	40.5	40.71	465258
18/01/2018 16:00:00	40.75	40.97	40.55	40.85	751054
19/01/2018 16:00:00	40.82	40.99	40.7	40.77	618782
22/01/2018 16:00:00	40.75	41.09	40.53	41.08	779752
23/01/2018 16:00:00	41.11	41.99	41	41.66	662938
24/01/2018 16:00:00	41.65	41.89	41.1	41.31	817589
25/01/2018 16:00:00	41.28	41.45	41.02	41.03	664005
26/01/2018 16:00:00	41.17	41.36	40.36	41.04	589146
29/01/2018 16:00:00	40.51	41.03	40.51	40.88	341151
30/01/2018 16:00:00	41.91	42.66	40.55	40.75	1272785
31/01/2018 16:00:00	40.76	41.26	40.68	41.16	612937
01/02/2018 16:00:00	41.16	41.16	39.66	40.04	888280
02/02/2018 16:00:00	39.8	40.05	39.39	40	743913
05/02/2018 16:00:00	39.99	39.99	38.88	39.41	753729
06/02/2018 16:00:00	39.33	40.17	38.7	39.97	851288
07/02/2018 16:00:00	40	40.15	39.53	39.76	672787
08/02/2018 16:00:00	39.81	39.98	39.2	39.28	769216
09/02/2018 16:00:00	39.32	39.32	38.32	38.7	777093
12/02/2018 16:00:00	38.86	39.3	38.81	39.16	651850
13/02/2018 16:00:00	39.02	39.22	38.44	38.89	607048
14/02/2018 16:00:00	38.47	38.98	38.42	38.9	487873
15/02/2018 16:00:00	38.96	39.65	38.77	39.51	589301
16/02/2018 16:00:00	39.6	40.12	39.24	40.12	493884
20/02/2018 16:00:00	40.13	40.24	39.56	39.78	526947
21/02/2018 16:00:00	39.77	39.91	39.69	39.77	302670
22/02/2018 16:00:00	39.76	40.27	39.62	39.93	406083
23/02/2018 16:00:00	39.92	40.39	39.76	40.37	442411
26/02/2018 16:00:00	40.41	40.59	40.18	40.28	540961
27/02/2018 16:00:00	40.32	40.94	40.2	40.62	362232
28/02/2018 16:00:00	40.75	40.99	40.44	40.48	539136
01/03/2018 16:00:00	40.48	41.07	40.33	41.01	560324
02/03/2018 16:00:00	40.95	41.17	40.92	41.02	375423
05/03/2018 16:00:00	41	41.23	40.91	41.01	359241
06/03/2018 16:00:00	41	41.07	40.56	40.83	432935
07/03/2018 16:00:00	40.81	41.21	40.48	40.73	367146
08/03/2018 16:00:00	40.85	40.95	40.63	40.84	268715
09/03/2018 16:00:00	40.91	40.96	40.1	40.42	439448
12/03/2018 16:00:00	40.49	40.9	40.45	40.64	327867
13/03/2018 16:00:00	40.77	41.16	40.73	41.04	328610
14/03/2018 16:00:00	41.1	41.23	40.83	41.12	314705
15/03/2018 16:00:00	41.2	41.68	40.93	41.65	472054
16/03/2018 16:00:00	41.62	42.29	41.61	41.71	1494584
19/03/2018 16:00:00	41.74	41.78	41.15	41.59	337073
20/03/2018 16:00:00	41.58	42.09	41.58	41.91	487139
21/03/2018 16:00:00	41.87	41.95	41.33	41.42	423682
22/03/2018 16:00:00	41.35	41.4	40.77	40.79	328112
23/03/2018 16:00:00	40.84	40.89	40.06	40.09	431983
26/03/2018 16:00:00	40.15	40.21	39.5	39.99	325185
27/03/2018 16:00:00	39.99	40.29	39.7	39.8	296334
28/03/2018 16:00:00	39.84	40.79	39.84	40.66	381069
29/03/2018 16:00:00	40.66	41.42	40.46	41.1	576786
02/04/2018 16:00:00	41.1	41.18	40.36	40.6	296233
03/04/2018 16:00:00	40.64	40.9	40.35	40.59	223107
04/04/2018 16:00:00	40.35	40.74	40.06	40.44	335029
05/04/2018 16:00:00	40.48	40.54	40.15	40.31	274578
06/04/2018 16:00:00	40.21	40.52	39.89	40.04	518238
09/04/2018 16:00:00	40.17	41.36	40.17	41.27	550767
10/04/2018 16:00:00	41.45	41.56	41.07	41.21	379508
11/04/2018 16:00:00	41.18	41.36	40.96	41.29	427713
12/04/2018 16:00:00	41.4	41.44	41.09	41.3	234389
13/04/2018 16:00:00	41.31	41.64	41.21	41.51	310542
16/04/2018 16:00:00	41.53	41.69	41.5	41.62	249012
17/04/2018 16:00:00	41.66	42.1	41.63	42.04	361183
18/04/2018 16:00:00	42.04	42.6	42.03	42.59	362356
19/04/2018 16:00:00	42.51	42.64	42.04	42.28	230806
20/04/2018 16:00:00	42.26	42.5	42.03	42.13	233601
23/04/2018 16:00:00	42.16	42.66	42.15	42.47	295273
24/04/2018 16:00:00	41.75	42	40.9	41.18	775340
25/04/2018 16:00:00	40.99	41.54	40.99	41.23	466002
26/04/2018 16:00:00	41.25	41.39	41.11	41.3	291787
27/04/2018 16:00:00	41.05	41.67	41.05	41.39	157872
30/04/2018 16:00:00	41.42	41.57	40.74	40.74	590563
01/05/2018 16:00:00	40.66	41.6	40.66	41.41	322813
02/05/2018 16:00:00	41.24	41.4	40.6	40.81	1498192
03/05/2018 16:00:00	40.76	41.15	40.76	40.89	459672
04/05/2018 16:00:00	40.95	41.03	40.56	40.84	290168
07/05/2018 16:00:00	40.88	41.07	40.47	40.52	544809
08/05/2018 16:00:00	40.55	40.74	40.5	40.59	388488
09/05/2018 16:00:00	40.53	40.64	40.31	40.54	346478
10/05/2018 16:00:00	40.6	41.19	40.54	40.95	2414202
11/05/2018 16:00:00	41	41.25	40.72	40.92	500043
14/05/2018 16:00:00	41.02	41.67	40.92	41.47	1058720
15/05/2018 16:00:00	41.48	42.3	41.34	41.73	580188
16/05/2018 16:00:00	41.73	42.62	41.73	42.36	1027359
17/05/2018 16:00:00	42.5	42.9	42.45	42.72	655575
18/05/2018 16:00:00	42.62	42.93	42.59	42.85	519077
22/05/2018 16:00:00	42.8	43.77	42.8	43.18	1076312
23/05/2018 16:00:00	43.14	43.5	43.14	43.38	403707
24/05/2018 16:00:00	43.4	43.64	43.09	43.36	574083
25/05/2018 16:00:00	43.29	43.47	43.25	43.28	375912
28/05/2018 16:00:00	43.09	43.3	42.51	42.7	499513
29/05/2018 16:00:00	42.65	42.77	42.46	42.48	613810
30/05/2018 16:00:00	42.59	43.23	42.37	42.63	646020
31/05/2018 16:00:00	42.51	42.97	42.44	42.78	746110
01/06/2018 16:00:00	42.76	43.15	42.62	42.84	475340
04/06/2018 16:00:00	42.85	43.29	42.8	43.03	340610
05/06/2018 16:00:00	43.13	43.45	42.85	43.14	393593
06/06/2018 16:00:00	43.04	43.3	42.4	42.43	464239
07/06/2018 16:00:00	42.43	42.55	41.97	42.04	462665
08/06/2018 16:00:00	42.01	42.83	42.01	42.71	405376
11/06/2018 16:00:00	42.63	43.15	42.63	42.7	272333
12/06/2018 16:00:00	42.78	43.05	42.57	42.96	405197
13/06/2018 16:00:00	42.99	43.53	42.99	43.32	280909
14/06/2018 16:00:00	43.3	43.96	43.07	43.94	286515
15/06/2018 16:00:00	43.86	44.49	43.78	44.31	1690406
18/06/2018 16:00:00	44.15	44.75	44	44.72	289779
19/06/2018 16:00:00	44.64	44.64	43.73	43.78	547405
20/06/2018 16:00:00	43.91	44.45	43.88	44.32	340660
21/06/2018 16:00:00	44.38	44.53	44.18	44.4	427835
22/06/2018 16:00:00	44.49	44.71	44.2	44.49	304789
25/06/2018 16:00:00	44.61	44.99	44.41	44.9	744235
26/06/2018 16:00:00	44.98	45.31	44.65	44.93	1135145
27/06/2018 16:00:00	45.09	45.09	44.65	44.91	237195
28/06/2018 16:00:00	44.79	45	44.57	44.75	287573
29/06/2018 16:00:00	44.75	44.93	44.43	44.69	511689
03/07/2018 16:00:00	44.99	45.03	44.32	44.56	409943
04/07/2018 16:00:00	44.52	44.71	44.52	44.57	86082
05/07/2018 16:00:00	44.52	44.6	43.89	43.95	416926
06/07/2018 16:00:00	43.99	44.34	43.84	44.22	372548
09/07/2018 16:00:00	44.22	44.36	43.89	44.32	238174
10/07/2018 16:00:00	44.37	44.58	43.34	43.45	693763
11/07/2018 16:00:00	43.34	43.81	43.24	43.67	678798
12/07/2018 16:00:00	43.73	44.99	43.73	44.77	588653
13/07/2018 16:00:00	44.83	45.1	44.49	44.98	545827
16/07/2018 16:00:00	44.99	45.14	44.94	45.11	249022
17/07/2018 16:00:00	45.06	45.44	44.96	45.29	270705
18/07/2018 16:00:00	45.26	45.44	44.46	44.6	288507
19/07/2018 16:00:00	44.5	44.73	44.15	44.54	291357
20/07/2018 16:00:00	44.53	44.56	44.09	44.23	256548
23/07/2018 16:00:00	44.29	44.32	44.03	44.2	206183
24/07/2018 16:00:00	44.1	44.25	42.79	43.12	518001
25/07/2018 16:00:00	43.16	43.16	42.69	42.95	315251
26/07/2018 16:00:00	42.99	43.76	42.87	43.69	358768
27/07/2018 16:00:00	43.62	44.07	43.41	43.88	275679
30/07/2018 16:00:00	43.92	44.14	43.31	43.49	175980
31/07/2018 16:00:00	43.5	43.92	43.34	43.86	429432
01/08/2018 16:00:00	43.99	44	43.02	43.34	250807
02/08/2018 16:00:00	43.36	43.45	42.8	43.23	187200
03/08/2018 16:00:00	43.21	43.37	42.78	43.02	316062
07/08/2018 16:00:00	43.03	43.28	42.23	42.38	518215
08/08/2018 16:00:00	42.44	42.99	42.36	42.87	227347
09/08/2018 16:00:00	42.83	43.16	42.82	43	340008
10/08/2018 16:00:00	42.96	42.96	42.01	42.26	243950
13/08/2018 16:00:00	42.19	42.49	41.88	41.99	486762
14/08/2018 16:00:00	42.11	42.76	41.96	42.66	274574
15/08/2018 16:00:00	41.38	42.27	40.15	41.88	674506
16/08/2018 16:00:00	41.88	43.52	41.87	43.47	564231
17/08/2018 16:00:00	43.48	43.48	42.65	43.03	350646
20/08/2018 16:00:00	43.01	43.02	42.4	42.69	276091
21/08/2018 16:00:00	42.61	42.63	41.82	41.85	350480
22/08/2018 16:00:00	41.82	42.28	41.72	41.73	336989
23/08/2018 16:00:00	41.7	41.84	41.49	41.55	295865
24/08/2018 16:00:00	41.52	41.64	41.3	41.38	190054
27/08/2018 16:00:00	41.41	41.91	41.34	41.34	222758
28/08/2018 16:00:00	41.3	41.5	41	41.12	260332
29/08/2018 16:00:00	41.12	41.41	40.86	40.91	335004
30/08/2018 16:00:00	40.9	41.42	40.86	41.08	300408
31/08/2018 16:00:00	41.1	41.29	40.6	40.86	540779
04/09/2018 16:00:00	40.68	40.68	39.97	40.19	487648
05/09/2018 16:00:00	40.17	41.11	40.13	40.83	456593
06/09/2018 16:00:00	40.83	41.02	40.6	40.72	285859
07/09/2018 16:00:00	40.64	40.64	40.2	40.49	273236
10/09/2018 16:00:00	40.49	40.59	40.09	40.28	282518
11/09/2018 16:00:00	40.3	40.97	40.07	40.82	681249
12/09/2018 16:00:00	40.82	40.82	40.47	40.51	460635
13/09/2018 16:00:00	40.61	40.61	40.05	40.3	307786
14/09/2018 16:00:00	40.27	40.35	40.09	40.14	342293
17/09/2018 16:00:00	40.18	40.92	40.11	40.41	313145
18/09/2018 16:00:00	40.45	41.16	40.38	41.16	439626
19/09/2018 16:00:00	41.09	41.38	40.7	40.96	809712
20/09/2018 16:00:00	40.98	41.11	40.51	40.74	444831
21/09/2018 16:00:00	40.78	41.13	40.61	40.7	1188119
24/09/2018 16:00:00	40.7	41.39	40.58	40.97	466014
25/09/2018 16:00:00	41	41.15	40.77	40.84	389144
26/09/2018 16:00:00	40.95	41.4	40.46	40.65	596561
27/09/2018 16:00:00	40.66	41.2	40.43	40.48	433353
28/09/2018 16:00:00	40.46	40.59	40.07	40.18	635866
01/10/2018 16:00:00	40.15	40.7	39.86	39.94	329608
02/10/2018 16:00:00	39.94	40.43	39.58	40.42	481252
03/10/2018 16:00:00	40.42	40.51	40.01	40.11	327772
04/10/2018 16:00:00	40	40.06	39.46	39.82	981007
05/10/2018 16:00:00	39.81	40.21	39.68	39.81	340839
09/10/2018 16:00:00	39.83	40.89	39.62	40.61	537540
10/10/2018 16:00:00	40.59	40.59	40.04	40.1	651863
11/10/2018 16:00:00	39.87	39.95	39.04	39.25	724854
12/10/2018 16:00:00	39.58	40.64	39.26	40.29	859684
15/10/2018 16:00:00	40.34	40.54	40.06	40.33	368819
16/10/2018 16:00:00	40.36	40.36	39.53	39.7	429383
17/10/2018 16:00:00	39.56	39.93	39.38	39.88	426315
18/10/2018 16:00:00	39.8	40.01	39.6	39.9	451641
19/10/2018 16:00:00	40.05	41.61	40.03	41.28	712367
22/10/2018 16:00:00	41.29	41.74	40.81	41.33	462455
23/10/2018 16:00:00	41.16	41.51	40.74	41.23	547086
24/10/2018 16:00:00	41.16	41.35	40.81	40.93	398040
25/10/2018 16:00:00	40.83	41.55	40.6	41.51	2312532
26/10/2018 16:00:00	41.24	41.58	40.46	41.01	437602
29/10/2018 16:00:00	41.13	41.59	41.03	41.19	375131
30/10/2018 16:00:00	41.16	41.43	40.79	41.23	469681
31/10/2018 16:00:00	41.33	41.99	41.12	41.31	564216
01/11/2018 16:00:00	41.16	41.92	40.98	41.37	495758
02/11/2018 16:00:00	41.43	41.8	41.07	41.07	1626955
05/11/2018 16:00:00	40.93	42.7	40.91	42.56	680841
06/11/2018 16:00:00	42.52	42.86	41.75	42.03	537968
07/11/2018 16:00:00	42.22	42.99	42.04	42.85	637611
08/11/2018 16:00:00	42.82	42.98	42.37	42.87	1052249
09/11/2018 16:00:00	42.87	43.84	42.84	43.63	773432
12/11/2018 16:00:00	43.38	43.66	43.13	43.4	424759
13/11/2018 16:00:00	43.21	43.7	43.21	43.4	588889
14/11/2018 16:00:00	43.61	44.11	42.96	43.16	594314
15/11/2018 16:00:00	43.14	43.37	42.91	43.31	399500
16/11/2018 16:00:00	42.66	43.63	42.48	43.35	371623
19/11/2018 16:00:00	43.24	43.34	42.87	43.14	381089
20/11/2018 16:00:00	42.84	43.04	42.42	42.82	509530
21/11/2018 16:00:00	42.82	44.83	42.29	44.13	1086124
22/11/2018 16:00:00	44.29	45.83	44.2	44.83	514956
23/11/2018 16:00:00	44.58	45.18	44.56	44.97	274761
26/11/2018 16:00:00	45.19	45.62	45.01	45.31	982941
27/11/2018 16:00:00	45.24	45.89	44.77	45.55	987064
28/11/2018 16:00:00	45.75	46.19	45.22	45.45	961479
29/11/2018 16:00:00	45.4	45.91	45.4	45.8	428327
30/11/2018 16:00:00	45.84	45.95	45.09	45.8	1039380
03/12/2018 16:00:00	45.8	45.84	45.15	45.78	434650
04/12/2018 16:00:00	45.68	46.41	45.59	45.75	1292488
05/12/2018 16:00:00	45.76	46.45	45.62	45.89	279043
06/12/2018 16:00:00	45.5	46.06	44.86	45.92	626627
07/12/2018 16:00:00	46.01	46.84	45.55	45.94	1149210
10/12/2018 16:00:00	45.85	46.84	45.76	46.67	505705
11/12/2018 16:00:00	46.93	47.74	46.84	46.9	726943
12/12/2018 16:00:00	47.13	47.73	46.75	47.59	852304
13/12/2018 16:00:00	47.61	48.09	47	47.21	1248502
14/12/2018 16:00:00	47.09	47.32	46.67	46.86	608687
17/12/2018 16:00:00	46.74	47.21	46.35	46.53	555387
18/12/2018 16:00:00	46.51	47.2	46.46	46.93	738769
19/12/2018 16:00:00	46.88	47.21	46.62	47.12	877786
20/12/2018 16:00:00	46.96	47.09	46.42	46.58	463521
21/12/2018 16:00:00	46.53	46.72	45.95	46.3	2293383
24/12/2018 14:30:00	46.17	46.4	45.81	46	802631
27/12/2018 16:00:00	46.45	47.14	46.2	47.12	474408
28/12/2018 16:00:00	47.24	47.61	47.09	47.25	619478
31/12/2018 16:00:00	47.33	47.72	46.96	47.34	546656
02/01/2019 16:00:00	47.4	47.4	46.63	46.72	620954
03/01/2019 16:00:00	46.63	46.91	46.25	46.81	493138
04/01/2019 16:00:00	47	47	46.21	46.38	540472
07/01/2019 16:00:00	46.59	47.47	46.04	47.39	734018
08/01/2019 16:00:00	47.55	48.09	47.18	47.25	709806
09/01/2019 16:00:00	47.36	47.55	46.85	47.5	749575
10/01/2019 16:00:00	47.46	47.86	47.27	47.71	475174
11/01/2019 16:00:00	47.71	48.46	47.6	48.32	586684
14/01/2019 16:00:00	48.37	48.47	47.87	48.31	400401
15/01/2019 16:00:00	48.44	48.8	48.2	48.74	460102
16/01/2019 16:00:00	48.9	49.28	48.74	49.21	441457
17/01/2019 16:00:00	49.17	49.62	48.88	49.08	426401
18/01/2019 16:00:00	49.15	49.44	48.93	49.29	505211
21/01/2019 16:00:00	49.25	49.44	49.02	49.37	117616
22/01/2019 16:00:00	49.17	49.49	49.05	49.41	538697
23/01/2019 16:00:00	49.45	49.75	49.04	49.39	491127
24/01/2019 16:00:00	49.57	50.4	48.81	49.14	683292
25/01/2019 16:00:00	49.33	49.5	48.88	48.98	403003
28/01/2019 16:00:00	48.85	49.28	48.64	48.99	260269
29/01/2019 16:00:00	48.37	49.1	48.21	48.67	628285
30/01/2019 16:00:00	47.7	48.11	47.23	47.51	875539
31/01/2019 16:00:00	47.56	48.14	47.56	47.77	732887
01/02/2019 16:00:00	47.97	48.14	47.18	47.64	475324
04/02/2019 16:00:00	47.97	48.49	47.58	48.18	408329
05/02/2019 16:00:00	48.33	49.17	48.21	49	396709
06/02/2019 16:00:00	48.88	49.21	48.35	48.73	409983
07/02/2019 16:00:00	48.78	49.41	48.44	49.1	433708
08/02/2019 16:00:00	49.04	49.21	48.68	49.14	427864
11/02/2019 16:00:00	49.26	49.45	48.57	48.89	708897
12/02/2019 16:00:00	48.94	49.62	48.93	49.35	490690
13/02/2019 16:00:00	49.2	49.41	48.56	48.56	390575
14/02/2019 16:00:00	48.64	48.95	48.4	48.67	492281
15/02/2019 16:00:00	48.79	48.98	48.41	48.57	458415
19/02/2019 16:00:00	48.52	48.93	48.32	48.72	513435
20/02/2019 16:00:00	48.72	49.02	48.51	48.85	454799
21/02/2019 16:00:00	48.86	48.86	48.09	48.61	686745
22/02/2019 16:00:00	48.69	49.5	48.64	49.19	605482
25/02/2019 16:00:00	49.31	49.47	49.05	49.18	466729
26/02/2019 16:00:00	49.05	50.12	49.05	49.77	624485
27/02/2019 16:00:00	49.73	49.87	49.33	49.52	478881
28/02/2019 16:00:00	49.5	49.76	49.3	49.46	737332
01/03/2019 16:00:00	49.65	49.98	49.22	49.41	441231
04/03/2019 16:00:00	49.61	50.17	49.37	50.12	591939
05/03/2019 16:00:00	50.15	50.25	49.28	49.28	566078
06/03/2019 16:00:00	49.34	49.46	49.01	49.32	509568
07/03/2019 16:00:00	49.15	49.71	49.15	49.4	542931
08/03/2019 16:00:00	49.35	50	49.22	49.26	525713
11/03/2019 16:00:00	49.44	49.55	48.81	48.94	603290
12/03/2019 16:00:00	48.75	48.99	48.48	48.88	640644
13/03/2019 16:00:00	48.98	49.11	48.53	48.63	546581
14/03/2019 16:00:00	48.61	48.79	48.3	48.53	353755
15/03/2019 16:00:00	48.65	48.68	48.13	48.39	1718044
18/03/2019 16:00:00	48.44	48.64	48.12	48.27	337370
19/03/2019 16:00:00	48.25	48.37	47.73	47.94	546410
20/03/2019 16:00:00	47.91	48.51	47.67	48.24	544994
21/03/2019 16:00:00	48.14	48.67	47.87	48.51	509139
22/03/2019 16:00:00	48.49	49	48.36	48.94	402517
25/03/2019 16:00:00	48.83	49.48	48.67	49.16	306653
26/03/2019 16:00:00	49.41	49.49	48.4	48.95	483221
27/03/2019 16:00:00	48.99	49.72	48.95	49.17	575139
28/03/2019 16:00:00	49.26	49.56	49.07	49.4	313551
29/03/2019 16:00:00	49.45	49.68	48.92	49.2	709160
01/04/2019 16:00:00	49.15	49.75	48.95	49.35	387923
02/04/2019 16:00:00	49.49	50.35	49.26	50.31	504407
03/04/2019 16:00:00	50.31	50.75	50.31	50.67	561246
04/04/2019 16:00:00	50.66	50.86	50.32	50.68	395457
05/04/2019 16:00:00	50.68	50.9	50.42	50.55	359818
08/04/2019 16:00:00	50.43	50.77	50.33	50.53	300904
09/04/2019 16:00:00	50.61	50.8	50.36	50.6	328735
10/04/2019 16:00:00	49.64	50.33	49.61	50.26	659254
11/04/2019 16:00:00	50.22	50.83	50.18	50.24	457372
12/04/2019 16:00:00	50.42	50.52	49.99	50.4	424677
15/04/2019 16:00:00	50.39	50.78	50.27	50.44	426114
16/04/2019 16:00:00	50.38	50.75	50.23	50.38	329766
17/04/2019 16:00:00	49.51	49.96	48.9	49.65	546410
18/04/2019 16:00:00	49.88	49.93	49.03	49.25	625532
22/04/2019 16:00:00	49.07	49.37	49.05	49.28	373452
23/04/2019 16:00:00	49.35	49.5	48.84	49.47	622042
24/04/2019 16:00:00	49.56	49.56	48.34	48.83	586770
25/04/2019 16:00:00	48.83	49.13	48.65	49.03	411397
26/04/2019 16:00:00	48.85	49.02	48.59	48.6	510832
29/04/2019 16:00:00	48.71	48.97	48.47	48.59	369296
30/04/2019 16:00:00	48.48	48.66	48.27	48.5	570558
01/05/2019 16:00:00	48.53	49.02	48.53	48.67	352680
02/05/2019 16:00:00	48.71	48.99	48.4	48.65	434721
03/05/2019 16:00:00	48.76	49.07	48.36	48.6	293461
06/05/2019 16:00:00	48.44	48.74	48.22	48.64	687826
07/05/2019 16:00:00	48.15	49.31	48.15	49.05	644253
08/05/2019 16:00:00	49.05	49.05	48.22	48.48	630471
09/05/2019 16:00:00	48.41	49.03	48.41	48.53	764427
10/05/2019 16:00:00	48.54	48.74	47.88	48.68	1151870
13/05/2019 16:00:00	48.47	49.03	48.23	48.74	616976
14/05/2019 16:00:00	48.82	49.06	48.31	48.9	657628
15/05/2019 16:00:00	48.65	49.15	48.54	48.72	472496