10/12/2014 16:00:00	34.02	39.54	34.02	39.5	23990
11/12/2014 16:00:00	41	42.7	40.25	42.5	1239165
12/12/2014 16:00:00	42.99	43.36	40.75	40.75	13768354
15/12/2014 16:00:00	41.78	41.85	40.61	41.14	2765554
16/12/2014 16:00:00	41.25	41.58	41.14	41.34	1304270
17/12/2014 16:00:00	41.45	42.73	41.25	42.73	1116255
18/12/2014 16:00:00	43.33	44.87	42.83	44.49	1695941
19/12/2014 16:00:00	45.35	47.03	44.35	47.03	3038288
22/12/2014 16:00:00	47.89	49.99	46.06	46.06	1624699
23/12/2014 16:00:00	47.05	47.06	45.54	45.83	373507
24/12/2014 16:00:00	45.99	46	45.15	45.89	115464
29/12/2014 16:00:00	45.89	45.89	45	45	294302
30/12/2014 16:00:00	45	45.29	44.27	45.09	215304
31/12/2014 16:00:00	45.49	45.5	44.75	45.5	150639
02/01/2015 16:00:00	45.96	46.4	44.7	45.04	185666
05/01/2015 16:00:00	44.85	45.25	43.77	44.48	300055
06/01/2015 16:00:00	44.6	45.01	43.84	44.79	360450
07/01/2015 16:00:00	45.88	47.38	45.6	46.5	597077
08/01/2015 16:00:00	47.29	49.43	47.09	47.65	696282
09/01/2015 16:00:00	48.19	48.4	47.41	47.45	247992
12/01/2015 16:00:00	47.45	47.89	47	47.57	268061
13/01/2015 16:00:00	48.98	49.5	48	48.12	532540
14/01/2015 16:00:00	48.49	48.95	47.76	48.35	382756
15/01/2015 16:00:00	49	49.25	46.95	47.05	355473
16/01/2015 16:00:00	46.89	47.06	45.9	46.62	276373
19/01/2015 16:00:00	46.35	46.67	44.85	46.35	133953
20/01/2015 16:00:00	46.69	47.16	46.3	46.31	383133
21/01/2015 16:00:00	46.3	48.17	45.93	48.17	596209
22/01/2015 16:00:00	48.15	49.03	47.12	48.63	453155
23/01/2015 16:00:00	49.24	49.54	48.67	48.79	211296
26/01/2015 16:00:00	49.19	49.84	48.32	48.32	219691
27/01/2015 16:00:00	47.97	48.69	47.34	48.68	220684
28/01/2015 16:00:00	49.04	49.27	47.9	48	221593
29/01/2015 16:00:00	47.87	50.27	47.71	49.44	361030
30/01/2015 16:00:00	49.33	49.86	48.86	49.24	445347
02/02/2015 16:00:00	49.61	49.61	48	48.35	403302
03/02/2015 16:00:00	48.5	48.5	47.58	47.92	323576
04/02/2015 16:00:00	47.91	48.46	47.74	47.87	251765
05/02/2015 16:00:00	48.5	48.5	47.36	47.72	508866
06/02/2015 16:00:00	48	49.24	47.86	48.75	327825
09/02/2015 16:00:00	48.5	48.62	47.56	47.84	241101
10/02/2015 16:00:00	48.28	49.68	48.28	49.36	313873
11/02/2015 16:00:00	49.57	49.98	48.98	49.33	263087
12/02/2015 16:00:00	49.94	49.94	48.65	49.11	346123
13/02/2015 16:00:00	49.27	49.8	48.25	48.25	355857
17/02/2015 16:00:00	49.77	53.14	49	52.15	486742
18/02/2015 16:00:00	53.08	53.08	50.75	50.75	440720
19/02/2015 16:00:00	51.25	51.82	50.92	50.98	297998
20/02/2015 16:00:00	51.63	52.52	50.9	52.21	353301
23/02/2015 16:00:00	52.37	52.45	51.93	52.4	222212
24/02/2015 16:00:00	52.48	54.52	52.36	52.76	332318
25/02/2015 16:00:00	52.95	53.36	52.64	53.02	290744
26/02/2015 16:00:00	53.41	54.66	53.36	54.45	405589
27/02/2015 16:00:00	54.46	57.11	54.45	55.26	1213150
02/03/2015 16:00:00	55.02	56.61	55.01	55.91	423511
03/03/2015 16:00:00	56.29	56.29	53.66	54.52	478052
04/03/2015 16:00:00	54.25	54.32	52.74	52.79	364173
05/03/2015 16:00:00	52.49	53.2	50.94	52.86	601728
06/03/2015 16:00:00	53.33	53.7	51.31	51.86	332399
09/03/2015 16:00:00	51.86	52.13	50.88	51.03	249749
10/03/2015 16:00:00	50.78	51.05	50.21	50.33	372549
11/03/2015 16:00:00	50.44	50.84	50.03	50.17	277198
12/03/2015 16:00:00	50.29	50.48	49.69	50.44	241451
13/03/2015 16:00:00	50.35	50.6	49.75	49.85	175885
16/03/2015 16:00:00	49.9	50.75	49.49	50.35	435884
17/03/2015 16:00:00	50.1	50.7	49.8	50.61	298091
18/03/2015 16:00:00	50.94	50.94	49.4	49.82	427959
19/03/2015 16:00:00	49.98	51.05	49.86	50.7	414828
20/03/2015 16:00:00	51.07	51.77	48.78	48.84	2541435
23/03/2015 16:00:00	48.74	48.77	48.07	48.21	285401
24/03/2015 16:00:00	48.25	49.32	48.25	49.31	450967
25/03/2015 16:00:00	49.5	50.35	48.36	48.51	560580
26/03/2015 16:00:00	48.55	49.06	48.14	48.23	301091
27/03/2015 16:00:00	48.64	49.24	48.13	48.89	330058
30/03/2015 16:00:00	48.93	49.75	48.7	49.59	383960
31/03/2015 16:00:00	49.11	49.85	48.52	48.56	400955
01/04/2015 16:00:00	48.64	49.14	46.7	48.41	464478
02/04/2015 16:00:00	48.41	49.45	48.19	48.94	239258
06/04/2015 16:00:00	48.94	49	48.16	48.91	253580
07/04/2015 16:00:00	49.12	49.42	48.5	48.69	223663
08/04/2015 16:00:00	48.76	49.31	48.51	48.79	170286
09/04/2015 16:00:00	49.12	49.2	48.2	48.6	208203
10/04/2015 16:00:00	48.81	49.2	48.27	49.08	157590
13/04/2015 16:00:00	49.33	49.64	48.93	49.17	145382
14/04/2015 16:00:00	48.97	49.18	48.35	48.66	253149
15/04/2015 16:00:00	48.74	49.42	47.56	47.85	457339
16/04/2015 16:00:00	47.63	48.71	47.57	47.88	216150
17/04/2015 16:00:00	47.99	47.99	46.72	47.1	291799
20/04/2015 16:00:00	47.03	47.65	46.47	46.67	238182
21/04/2015 16:00:00	46.67	48.05	46.58	47.48	345926
22/04/2015 16:00:00	47.31	48.72	46.3	48.13	400748
23/04/2015 16:00:00	48.4	50.2	48.4	50.11	329595
24/04/2015 16:00:00	50.5	50.82	49.42	50.59	257032
27/04/2015 16:00:00	51.77	52.25	48.64	49.14	778454
28/04/2015 16:00:00	49.51	52.04	49.14	51.04	656753
29/04/2015 16:00:00	51.01	51.07	50	50.78	667676
30/04/2015 16:00:00	50.51	50.68	49.15	49.23	614535
01/05/2015 16:00:00	49.02	50.44	49.02	50.34	460280
04/05/2015 16:00:00	50.38	51.29	50.24	51	560421
05/05/2015 16:00:00	50.99	51.04	49.3	49.55	853944
06/05/2015 16:00:00	49.78	49.78	48.24	48.95	353598
07/05/2015 16:00:00	49.26	50.56	48.9	49.93	340099
08/05/2015 16:00:00	50.17	50.51	49.38	49.73	265029
11/05/2015 16:00:00	49.37	50.4	49.16	49.54	221803
12/05/2015 16:00:00	49.5	49.5	48.57	48.82	306035
13/05/2015 16:00:00	48.67	49.83	48.63	49.07	433104
14/05/2015 16:00:00	49.02	50.11	48.87	49.91	504133
15/05/2015 16:00:00	49.74	50.8	49.56	50.74	352073
19/05/2015 16:00:00	50	50.68	49.79	50.49	281880
20/05/2015 16:00:00	50.66	50.82	49.84	50.1	337358
21/05/2015 16:00:00	50.2	50.68	49.38	49.42	415881
22/05/2015 16:00:00	49.63	49.7	48.43	48.97	236174
25/05/2015 16:00:00	48.7	49.5	48.7	49.22	25959
26/05/2015 16:00:00	49.12	49.69	48.09	48.25	228398
27/05/2015 16:00:00	48.27	48.45	47.62	48.19	247459
28/05/2015 16:00:00	48.35	48.65	47.54	47.75	212865
29/05/2015 16:00:00	47.89	48.5	47.74	48.16	603834
01/06/2015 16:00:00	48.31	48.54	47.87	48.19	174012
02/06/2015 16:00:00	48.25	48.65	47.7	48.11	193376
03/06/2015 16:00:00	48.53	48.72	48	48.34	227132
04/06/2015 16:00:00	48.18	48.7	47.79	48.31	190906
05/06/2015 16:00:00	48.25	48.99	48.07	48.9	303296
08/06/2015 16:00:00	48.89	48.93	47.25	47.26	309442
09/06/2015 16:00:00	47.01	47.21	46.06	46.71	395088
10/06/2015 16:00:00	46.5	47.31	46.31	46.59	272844
11/06/2015 16:00:00	46.94	47.34	46.64	47.13	249244
12/06/2015 16:00:00	47.25	47.25	46.7	46.7	297961
15/06/2015 16:00:00	47.3	47.31	46.01	46.48	209166
16/06/2015 16:00:00	46.67	46.68	45.52	45.65	285769
17/06/2015 16:00:00	45.65	46.31	45.65	45.85	295204
18/06/2015 16:00:00	45.81	46.8	45.39	46.74	353077
19/06/2015 16:00:00	45.71	47.15	45.71	46.54	1418423
23/06/2015 16:00:00	47.58	48.25	47.42	47.54	256711
24/06/2015 16:00:00	47.64	47.64	46.61	46.75	321416
25/06/2015 16:00:00	46.87	47.6	46.69	46.96	360925
26/06/2015 16:00:00	47.17	48.27	46.89	48.06	417169
29/06/2015 16:00:00	47.58	48	46.8	47	320898
30/06/2015 16:00:00	47.13	48.2	46.86	47.87	345935
02/07/2015 16:00:00	49	49.65	48.5	49.62	322502
03/07/2015 16:00:00	49.46	49.72	48.91	49.38	80606
06/07/2015 16:00:00	49	50.14	48.95	49.5	560813
07/07/2015 16:00:00	49.8	50.71	49.48	50.63	260164
08/07/2015 16:00:00	50.01	50.4	49.24	49.35	211816
09/07/2015 16:00:00	49.65	49.94	48.46	48.46	243471
10/07/2015 16:00:00	48.75	49.33	48.68	49.25	248088
13/07/2015 16:00:00	49.81	51.75	49.81	51.69	293876
14/07/2015 16:00:00	51.69	51.69	50.82	51.2	192885
15/07/2015 16:00:00	51.46	51.7	50.94	51.45	257483
16/07/2015 16:00:00	51.37	52.46	51.37	52.08	208167
17/07/2015 16:00:00	52.22	53.42	51.72	53.05	254896
20/07/2015 16:00:00	53.21	53.21	52.02	52.06	158607
21/07/2015 16:00:00	52.37	52.37	50.68	50.81	294184
22/07/2015 16:00:00	50.76	52.45	50.76	52.1	184976
23/07/2015 16:00:00	51.77	52.28	51.05	51.5	221761
24/07/2015 16:00:00	51.72	52.96	51.55	52.2	305748
27/07/2015 16:00:00	54.15	56.09	53.2	54.21	946401
28/07/2015 16:00:00	54.21	55.4	53.87	55.35	337678
29/07/2015 16:00:00	55	55.82	55	55.74	282358
30/07/2015 16:00:00	56	56.23	55.05	55.97	229883
31/07/2015 16:00:00	55.61	56.86	55.61	56.58	267300
04/08/2015 16:00:00	56.5	57.54	56.48	57.45	335248
05/08/2015 16:00:00	57.54	58.83	57.44	57.92	253571
06/08/2015 16:00:00	58.16	58.16	56.27	56.5	165165
07/08/2015 16:00:00	56.78	57.39	55.78	56.28	176451
10/08/2015 16:00:00	56.47	56.68	55.01	55.56	244204
11/08/2015 16:00:00	55.41	56.38	55.22	55.81	253737
12/08/2015 16:00:00	55.2	55.2	53.92	54.58	337635
13/08/2015 16:00:00	54.72	56	54.72	55.55	203368
14/08/2015 16:00:00	55.85	55.85	55.31	55.82	162627
17/08/2015 16:00:00	55.51	56.68	55.31	56.56	208772
18/08/2015 16:00:00	56.35	56.35	55.13	55.22	240101
19/08/2015 16:00:00	55.41	55.96	54.74	55.78	291129
20/08/2015 16:00:00	55.2	55.56	53.04	53.04	366488
21/08/2015 16:00:00	52.6	52.96	51.67	51.86	391323
24/08/2015 16:00:00	49.99	51.7	46.47	49.99	764941
25/08/2015 16:00:00	51.49	51.79	49.51	49.56	410845
26/08/2015 16:00:00	51	51.8	49.19	51.71	529602
27/08/2015 16:00:00	51.63	53.18	51	52.55	560343
28/08/2015 16:00:00	52.17	52.57	51.73	52.31	231708
31/08/2015 16:00:00	52.19	52.9	50.43	50.48	487639
01/09/2015 16:00:00	49.04	50.27	48.79	49.35	324870
02/09/2015 16:00:00	49.5	50.15	49.12	49.63	263144
03/09/2015 16:00:00	49.71	50.88	49.7	50.22	277506
04/09/2015 16:00:00	49.5	50.37	49.2	49.87	262326
08/09/2015 16:00:00	50.91	51.36	49.98	50.09	321231
09/09/2015 16:00:00	50.38	51.45	50.38	50.64	239578
10/09/2015 16:00:00	50.29	51.09	49.35	49.46	211352
11/09/2015 16:00:00	49.44	49.84	48.67	49.5	211074
14/09/2015 16:00:00	49.51	49.66	48.95	48.98	173730
15/09/2015 16:00:00	48.6	49.61	48.2	49.35	423729
16/09/2015 16:00:00	49.28	49.62	48.74	48.74	829032
17/09/2015 16:00:00	48.76	49.88	48.5	49.31	258735
18/09/2015 16:00:00	48.69	49.1	48.14	48.35	1415623
21/09/2015 16:00:00	48.47	50.49	48.47	50.31	399425
22/09/2015 16:00:00	49.84	50.21	49.5	50.02	373855
23/09/2015 16:00:00	50.33	50.66	49.99	50.21	179491
24/09/2015 16:00:00	50.1	50.51	48.81	49.59	298383
25/09/2015 16:00:00	50.07	51	49.51	49.51	470982
28/09/2015 16:00:00	49.49	49.97	48.27	48.37	349978
29/09/2015 16:00:00	48.35	48.51	46.51	46.6	698250
30/09/2015 16:00:00	46.86	48.21	46.81	48.04	687405
01/10/2015 16:00:00	48.03	48.1	46.51	46.62	478431
02/10/2015 16:00:00	46.69	46.76	45.14	46.05	566144
05/10/2015 16:00:00	46.37	46.83	45.57	46.5	385548
06/10/2015 16:00:00	46.83	46.88	46.2	46.51	309441
07/10/2015 16:00:00	46.75	46.94	45.52	46.87	376087
08/10/2015 16:00:00	47.24	47.62	45.93	46.41	471809
09/10/2015 16:00:00	46.55	47.4	46.12	47.01	364257
13/10/2015 16:00:00	47.12	48.13	47.12	47.49	372502
14/10/2015 16:00:00	47.43	48.15	46.53	46.57	393622
15/10/2015 16:00:00	46.54	47.1	46.23	46.33	306940
16/10/2015 16:00:00	46.77	47.68	46.5	47.15	276149
19/10/2015 16:00:00	47.2	49.39	46.9	49.28	419986
20/10/2015 16:00:00	48.97	50.18	48.74	49.3	514371
21/10/2015 16:00:00	49.84	49.86	47.61	48.23	763080
22/10/2015 16:00:00	48.23	49.17	47.49	48.6	571430
23/10/2015 16:00:00	49.16	49.82	48.78	49.17	478399
26/10/2015 16:00:00	49.39	51.09	49.15	50.17	593987
27/10/2015 16:00:00	52	54	51.37	52.84	825643
28/10/2015 16:00:00	52.69	53.96	52.65	53.77	407577
29/10/2015 16:00:00	53.69	54.1	53	53.99	330180
30/10/2015 16:00:00	53.9	54.35	52.45	52.48	511477
02/11/2015 16:00:00	51.79	52.14	51	51.17	549533
03/11/2015 16:00:00	51.08	52.1	50.69	50.88	459395
04/11/2015 16:00:00	51.09	51.65	49.71	50.02	408155
05/11/2015 16:00:00	50.4	50.42	48.43	48.73	490593
06/11/2015 16:00:00	49.06	49.09	47.45	47.97	465657
09/11/2015 16:00:00	48.18	48.28	46.63	47.33	504080
10/11/2015 16:00:00	47.44	47.65	46.2	47.37	544498
11/11/2015 16:00:00	47.48	48.9	47.48	48.75	408509
12/11/2015 16:00:00	48.74	48.75	46.92	46.94	359349
13/11/2015 16:00:00	47.02	48.23	46.65	47.36	407375
16/11/2015 16:00:00	47.28	48	47.27	47.89	252779
17/11/2015 16:00:00	48	48.17	47.18	47.37	267959
18/11/2015 16:00:00	47.7	48.85	47.43	48.78	257755
19/11/2015 16:00:00	48.63	49.73	48.5	49.53	395362
20/11/2015 16:00:00	49.96	50.64	49.17	49.91	502122
23/11/2015 16:00:00	49.86	50.06	48.3	48.37	325408
24/11/2015 16:00:00	48.19	48.25	47.31	47.9	525606
25/11/2015 16:00:00	48.12	48.99	47.93	48.68	282464
26/11/2015 16:00:00	48.45	48.95	48.25	48.48	38830
27/11/2015 16:00:00	48.72	49.85	48.72	49.32	208629
30/11/2015 16:00:00	49.42	49.67	48.78	48.78	676831
01/12/2015 16:00:00	49	49.86	48.41	48.87	490909
02/12/2015 16:00:00	49.09	49.35	48.32	48.74	273332
03/12/2015 16:00:00	48.96	49.44	47.54	47.85	349294
04/12/2015 16:00:00	47.95	48.77	47.61	48.2	289092
07/12/2015 16:00:00	48.52	48.75	47.53	47.94	288610
08/12/2015 16:00:00	47.94	48.05	47.28	47.77	431268
09/12/2015 16:00:00	47.73	48.92	46.75	46.98	496880
10/12/2015 16:00:00	47.5	49.52	47.4	49.45	539047
11/12/2015 16:00:00	48.99	49.5	48.09	48.89	419088
14/12/2015 16:00:00	49.16	49.64	47.54	48.15	923655
15/12/2015 16:00:00	48.3	49.61	48.3	49.46	516820
16/12/2015 16:00:00	49.99	51.09	49.71	50.88	690794
17/12/2015 16:00:00	51.58	52.15	49.63	50.24	676824
18/12/2015 16:00:00	50.58	51.36	50.36	51.2	3613422
21/12/2015 16:00:00	51.68	52.16	50.57	51.15	285411
22/12/2015 16:00:00	51.1	51.14	50.06	50.82	401439
23/12/2015 16:00:00	50.95	51.46	50.39	51.27	220291
24/12/2015 16:00:00	51.22	52.25	51.08	51.56	134144
29/12/2015 16:00:00	51.49	52	51.14	51.94	268866
30/12/2015 16:00:00	52.29	52.44	51.07	51.57	217014
31/12/2015 16:00:00	51.38	51.91	50.7	51.75	358723
04/01/2016 16:00:00	50.79	50.79	49.27	49.52	502959
05/01/2016 16:00:00	49.53	49.82	47.73	47.82	645106
06/01/2016 16:00:00	47.58	47.99	46.17	46.62	668629
07/01/2016 16:00:00	46	46.66	45.5	45.64	548732
08/01/2016 16:00:00	46.02	46.32	45	45.04	498182
11/01/2016 16:00:00	45.47	45.6	44.4	45.02	449204
12/01/2016 16:00:00	45.16	47.21	45.16	46.04	668909
13/01/2016 16:00:00	46.53	46.93	45.38	45.62	330843
14/01/2016 16:00:00	45.72	48.86	45.21	48.29	751456
15/01/2016 16:00:00	47.44	48.85	46.76	48.62	785449
18/01/2016 16:00:00	48.42	48.44	47.23	47.59	205470
19/01/2016 16:00:00	48.55	49.14	47.71	48.29	484723
20/01/2016 16:00:00	47.79	48.08	45.67	47.35	630110
21/01/2016 16:00:00	47.39	48.94	47.33	48.55	475832
22/01/2016 16:00:00	48.89	49.53	48.3	49.18	571512
25/01/2016 16:00:00	49.18	49.2	47.82	47.96	449962
26/01/2016 16:00:00	48.2	48.59	47.41	48.11	257293
27/01/2016 16:00:00	47.53	47.53	45.58	46.33	702136
28/01/2016 16:00:00	46.45	46.55	45.73	46.4	373814
29/01/2016 16:00:00	46.54	47.31	46.41	47.31	750493
01/02/2016 16:00:00	47.03	47.55	46.5	47.34	360804
02/02/2016 16:00:00	46.99	47.23	45.27	45.91	533189
03/02/2016 16:00:00	45.82	45.87	44.33	44.73	431093
04/02/2016 16:00:00	44.75	45.26	43.74	44.88	648123
05/02/2016 16:00:00	45.05	45.6	44.27	44.46	463226
08/02/2016 16:00:00	44.32	44.32	41.97	42.8	570709
09/02/2016 16:00:00	42.77	43.34	40.75	42.08	702772
10/02/2016 16:00:00	42.3	43.03	41.61	42.56	687255
11/02/2016 16:00:00	41.81	42.62	41	42.33	504817
12/02/2016 16:00:00	42.77	44.49	42.77	44.3	501549
16/02/2016 16:00:00	47.27	48.24	45.99	46.91	864160
17/02/2016 16:00:00	47	47.97	46.4	47.3	547680
18/02/2016 16:00:00	47.31	47.4	45.36	45.94	462700
19/02/2016 16:00:00	45.75	45.86	44.86	44.98	393521
22/02/2016 16:00:00	45.2	45.77	44.15	44.84	478259
23/02/2016 16:00:00	45.06	45.46	44.41	45.18	268926
24/02/2016 16:00:00	44.95	45.54	43.71	45.43	370595
25/02/2016 16:00:00	45.46	45.7	44.66	45.63	292220
26/02/2016 16:00:00	45.96	46.6	45.28	46.43	261005
29/02/2016 16:00:00	46.33	47.8	46.05	47.48	544793
01/03/2016 16:00:00	47.58	48.88	47.44	48.35	576157
02/03/2016 16:00:00	48.23	49.01	48.02	48.76	534492
03/03/2016 16:00:00	49.06	49.56	48.63	49.35	356559
04/03/2016 16:00:00	49.2	50.15	49.15	49.65	315182
07/03/2016 16:00:00	49.55	50.53	49.14	50.34	471990
08/03/2016 16:00:00	50.35	50.69	49.84	50.01	314921
09/03/2016 16:00:00	50.29	50.96	50.11	50.24	467663
10/03/2016 16:00:00	50.74	51.08	49.61	50.16	372896
11/03/2016 16:00:00	50.46	51.32	49.94	50.98	358879
14/03/2016 16:00:00	51.32	51.94	50.96	51.78	382057
15/03/2016 16:00:00	51.94	51.94	49.76	49.99	607833
16/03/2016 16:00:00	50.24	50.99	49.67	50.37	660225
17/03/2016 16:00:00	50.49	50.97	49.5	50.5	829086
18/03/2016 16:00:00	50.65	51.5	50.38	51.16	2009994
21/03/2016 16:00:00	51.19	51.4	50.06	50.5	359872
22/03/2016 16:00:00	50.32	50.56	49.7	50.11	343959
23/03/2016 16:00:00	50.96	50.96	49.89	50.25	296338
24/03/2016 16:00:00	50.28	50.29	49.4	49.83	228964
28/03/2016 16:00:00	49.95	50.65	49.74	50.47	251683
29/03/2016 16:00:00	50.43	51.08	49.81	50.76	387385
30/03/2016 16:00:00	51.03	51.5	50.78	51	305244
31/03/2016 16:00:00	50.72	50.92	50.07	50.44	407953
01/04/2016 16:00:00	50.37	51.47	50.1	51.12	260050
04/04/2016 16:00:00	51.08	51.34	50.39	50.87	215953
06/04/2016 16:00:00	50.19	51.24	50.05	51.24	386717
07/04/2016 16:00:00	51.11	51.2	50.02	50.39	321376
08/04/2016 16:00:00	49.34	49.8	48.8	49.49	434975
11/04/2016 16:00:00	50.09	51.81	50.09	50.45	510526
12/04/2016 16:00:00	50.63	50.98	50.25	50.66	360172
13/04/2016 16:00:00	51	51.32	50.3	50.91	392672
14/04/2016 16:00:00	50.93	51.07	50	50.25	231072
15/04/2016 16:00:00	50.33	51.6	50.33	51.39	320693
18/04/2016 16:00:00	51.43	52.54	50.9	52.52	595350
19/04/2016 16:00:00	52.76	52.76	51.72	52.21	488502
20/04/2016 16:00:00	52.69	53.13	52.14	53.09	914866
21/04/2016 16:00:00	53.23	53.9	52.24	52.6	509468
22/04/2016 16:00:00	52.1	52.45	51.06	51.57	411741
25/04/2016 16:00:00	51.27	52.1	51.11	52.09	331427
26/04/2016 16:00:00	52.24	52.78	51.84	52.54	353825
27/04/2016 16:00:00	52.03	53.54	51.89	53.45	447991
28/04/2016 16:00:00	53.91	55.19	53.58	53.92	764785
29/04/2016 16:00:00	53.6	54.41	53.57	54.17	557283
02/05/2016 16:00:00	54.49	54.56	54.06	54.23	239318
03/05/2016 16:00:00	54.02	54.89	53.61	54.37	328270
04/05/2016 16:00:00	54.69	55.31	54.29	55.16	419778
05/05/2016 16:00:00	55.23	55.7	54.25	55.02	299304
06/05/2016 16:00:00	54.63	55.26	54.38	54.86	356448
09/05/2016 16:00:00	54.99	55.37	54.61	54.84	328713
10/05/2016 16:00:00	55.17	55.35	54.57	55.07	403973
11/05/2016 16:00:00	54.9	54.95	52.76	52.88	411274
12/05/2016 16:00:00	52.74	53.14	51.91	52.37	474928
13/05/2016 16:00:00	52.45	52.55	51.48	51.64	471500
16/05/2016 16:00:00	51.69	52.08	51.41	51.88	402655
17/05/2016 16:00:00	51.9	52.42	51.7	51.84	360356
18/05/2016 16:00:00	51.99	52.75	51.56	52.48	382689
19/05/2016 16:00:00	52.5	53.07	52.13	53.04	322205
20/05/2016 16:00:00	53.16	53.8	52.77	53.55	348653
24/05/2016 16:00:00	54.39	55.64	54.39	55.44	560679
25/05/2016 16:00:00	55.54	55.73	54.56	54.56	469617
26/05/2016 16:00:00	54.54	54.95	54.37	54.66	283920
27/05/2016 16:00:00	54.92	55.63	54.72	55.43	262153
30/05/2016 16:00:00	55.74	55.93	55.05	55.93	107602
31/05/2016 16:00:00	55.98	55.98	54.06	54.75	1796401
01/06/2016 16:00:00	54.64	54.79	53.23	53.93	379495
02/06/2016 16:00:00	54.16	54.63	53.8	54.57	278976
03/06/2016 16:00:00	53.81	54.05	53.31	53.69	294710
06/06/2016 16:00:00	53.51	53.76	52.9	53.11	274656
07/06/2016 16:00:00	53.34	54.48	53.11	54.37	417235
08/06/2016 16:00:00	54.17	54.46	53.66	53.71	313790
09/06/2016 16:00:00	53.64	54.01	52.98	54	565490
10/06/2016 16:00:00	53.62	54.11	53.49	53.94	435978
13/06/2016 16:00:00	53.87	54.35	53.62	53.97	298140
14/06/2016 16:00:00	54.1	55.12	53.9	54.91	498545
15/06/2016 16:00:00	54.94	55.43	54.94	55.07	334022
16/06/2016 16:00:00	55.01	55.08	53.89	54.68	338579
17/06/2016 16:00:00	54.68	55.39	54.13	55.39	1262771
20/06/2016 16:00:00	55.52	56.35	55.5	55.83	383797
21/06/2016 16:00:00	56.05	56.05	54.78	55.13	447653
22/06/2016 16:00:00	55.1	55.15	54.33	54.37	274189
23/06/2016 16:00:00	54.81	55.41	54.38	55.16	246007
24/06/2016 16:00:00	54	55.18	53.53	53.83	388538
27/06/2016 16:00:00	52.83	52.83	51.45	52.15	603617
28/06/2016 16:00:00	52.52	53.26	52.28	52.56	411782
29/06/2016 16:00:00	52.95	53.78	52.9	53.42	411840
30/06/2016 16:00:00	53.64	54.1	52.85	53.78	500608
04/07/2016 16:00:00	54.55	54.9	54.07	54.26	94769
05/07/2016 16:00:00	54.19	54.43	53.35	53.81	363990
06/07/2016 16:00:00	53.52	54.56	53.2	54.25	337153
07/07/2016 16:00:00	54.21	54.57	53.65	53.9	306485
08/07/2016 16:00:00	54.15	54.81	53.92	53.95	248583
11/07/2016 16:00:00	54.21	54.98	54.11	54.38	400586
12/07/2016 16:00:00	54.44	54.89	53.62	53.87	397592
13/07/2016 16:00:00	54.13	54.48	53.82	54.08	434163
14/07/2016 16:00:00	54.43	54.87	53.92	54.05	170589
15/07/2016 16:00:00	54.25	54.45	53.67	53.99	239965
18/07/2016 16:00:00	54.45	56.5	54.45	56.18	339423
19/07/2016 16:00:00	56.22	56.81	55.95	56.68	383189
20/07/2016 16:00:00	56.97	58.61	56.76	58.12	309461
21/07/2016 16:00:00	58.18	58.47	57.78	58.2	204962
22/07/2016 16:00:00	58.39	59.5	58.2	59.23	263443
25/07/2016 16:00:00	59.46	59.57	58.8	59.27	274899
26/07/2016 16:00:00	59	59	58.09	58.27	450812
27/07/2016 16:00:00	58.22	58.23	57.6	57.81	411436
28/07/2016 16:00:00	57.82	58.86	57.53	58.85	370552
29/07/2016 16:00:00	58.11	58.73	58.1	58.42	261761
02/08/2016 16:00:00	58.95	58.95	57.64	58.3	345508
03/08/2016 16:00:00	58.39	59.07	58.08	58.56	412448
04/08/2016 16:00:00	58.31	60.4	57.18	60.37	725059
05/08/2016 16:00:00	60.4	62.44	60.4	61.55	375607
08/08/2016 16:00:00	61.5	61.75	61.28	61.65	282193
09/08/2016 16:00:00	61.58	62.77	61.55	62.41	240519
10/08/2016 16:00:00	62.36	62.51	61.52	61.79	216358
11/08/2016 16:00:00	61.95	62.43	61.43	61.52	242126
12/08/2016 16:00:00	61.8	61.8	61.26	61.44	199736
15/08/2016 16:00:00	61.43	61.66	61.26	61.35	159320
16/08/2016 16:00:00	61.15	61.35	60.88	60.94	199891
17/08/2016 16:00:00	60.93	61.93	60.76	61.69	265578
18/08/2016 16:00:00	61.57	61.9	61.18	61.34	128416
19/08/2016 16:00:00	61.88	61.95	61.32	61.52	306081
22/08/2016 16:00:00	61.68	62.08	61.47	62.05	209190
23/08/2016 16:00:00	62.05	62.2	61.35	61.55	276067
24/08/2016 16:00:00	61.56	61.8	61.36	61.44	189251
25/08/2016 16:00:00	61.66	61.66	60.88	61.09	204211
26/08/2016 16:00:00	61.23	61.55	60.75	60.96	321651
29/08/2016 16:00:00	61.26	61.84	61.2	61.4	255634
30/08/2016 16:00:00	61.8	62.2	61.22	61.51	207040
31/08/2016 16:00:00	61.99	62.74	61.5	62.57	522547
01/09/2016 16:00:00	63.1	64.32	63.1	63.52	623525
02/09/2016 16:00:00	63.6	63.71	62.64	62.72	245328
06/09/2016 16:00:00	62.73	62.82	61.86	62.14	264528
07/09/2016 16:00:00	61.96	62.24	61.75	62.11	203035
08/09/2016 16:00:00	62	62	60.44	60.62	202062
09/09/2016 16:00:00	60.26	60.26	58.21	58.53	365881
12/09/2016 16:00:00	58.32	59.01	58.31	58.67	303038
13/09/2016 16:00:00	58.58	58.94	58.39	58.75	296464
14/09/2016 16:00:00	58.81	59.37	58.57	59.09	314592
15/09/2016 16:00:00	59.16	59.6	58.72	59.14	251432
16/09/2016 16:00:00	59.14	59.38	58.68	59.38	883537
19/09/2016 16:00:00	59.46	60.07	59.21	59.86	356467
20/09/2016 16:00:00	60.46	60.95	60.36	60.49	505288
21/09/2016 16:00:00	60.68	60.95	60.24	60.31	362457
22/09/2016 16:00:00	60.51	60.61	60.03	60.45	188143
23/09/2016 16:00:00	60.49	61.28	60.48	60.7	175629
26/09/2016 16:00:00	59.88	59.88	58.69	59.04	394096
27/09/2016 16:00:00	58.97	59.53	58.86	59.13	238131
28/09/2016 16:00:00	59.3	59.48	58.68	59.14	359817
29/09/2016 16:00:00	58.96	59.03	57.9	57.94	251060
30/09/2016 16:00:00	58.14	59.03	57.9	58.5	433032
03/10/2016 16:00:00	58.45	58.47	57.26	57.77	313028
04/10/2016 16:00:00	57.97	58.51	57.5	57.95	265823
05/10/2016 16:00:00	57.99	58.42	57.46	57.52	233854
06/10/2016 16:00:00	57.53	58.23	57.34	58.01	252502
07/10/2016 16:00:00	58.1	59.06	58.06	58.88	257443
11/10/2016 16:00:00	58.87	59.1	57.66	57.79	442899
12/10/2016 16:00:00	57.96	59.03	57.9	58.4	292847
13/10/2016 16:00:00	57.94	58.06	57.34	57.55	424549
14/10/2016 16:00:00	57.86	58.47	57.63	57.78	248300
17/10/2016 16:00:00	57.9	57.94	57.23	57.61	182612
18/10/2016 16:00:00	57.67	58.99	57.67	58.82	320572
19/10/2016 16:00:00	59.43	60.5	59.39	60.34	358088
20/10/2016 16:00:00	60.44	60.94	60.09	60.26	359859
21/10/2016 16:00:00	60.36	62.7	59.89	62.61	375504
24/10/2016 16:00:00	63.18	63.39	59.71	59.8	811352
25/10/2016 16:00:00	60.13	60.13	59.13	59.46	642663
26/10/2016 16:00:00	59.46	59.46	57.37	57.67	715269
27/10/2016 16:00:00	57.84	58.26	57.55	58.02	477717
28/10/2016 16:00:00	58.07	58.77	57.91	58.3	330553
31/10/2016 16:00:00	58.31	59.8	58.3	59.63	353518
01/11/2016 16:00:00	59.52	59.97	58.85	59.05	514490
02/11/2016 16:00:00	58.85	59.74	58.77	59.5	311287
03/11/2016 16:00:00	59.74	60.59	59.63	59.73	398698
04/11/2016 16:00:00	60.02	60.06	59.48	59.53	224116
07/11/2016 16:00:00	60.05	61.25	60.04	61.05	324736
08/11/2016 16:00:00	61.16	61.52	60.48	61.17	222477
09/11/2016 16:00:00	61.01	62.28	61	61.84	457359
10/11/2016 16:00:00	62.19	62.69	59.8	60.1	637114
11/11/2016 16:00:00	60.34	60.34	58.49	58.85	476364
14/11/2016 16:00:00	59.12	59.32	57.46	58.3	442972
15/11/2016 16:00:00	58.37	59.45	57.95	59.19	356173
16/11/2016 16:00:00	59.01	60.45	58.87	60.39	428129
17/11/2016 16:00:00	60.38	62.2	60.01	62.11	508365
18/11/2016 16:00:00	62.01	62.83	62.01	62.42	307937
21/11/2016 16:00:00	62.41	62.93	61.78	62.78	277594
22/11/2016 16:00:00	62.66	64.76	62.65	64.36	346972
23/11/2016 16:00:00	64.37	64.6	64.08	64.45	190195
24/11/2016 16:00:00	64.63	64.74	64.08	64.08	88297
25/11/2016 16:00:00	64.09	65.56	64.09	65.14	209146
28/11/2016 16:00:00	64.75	64.75	63.81	64.04	289933
29/11/2016 16:00:00	64.5	65.34	64.12	64.99	255263
30/11/2016 16:00:00	64.99	65.14	63.6	63.97	543597
01/12/2016 16:00:00	64	64	62.57	62.84	406277
02/12/2016 16:00:00	62.8	63.67	62.45	63.38	205792
05/12/2016 16:00:00	63.65	64.22	63.38	64.04	186413
06/12/2016 16:00:00	64.2	64.21	63.31	63.99	280161
07/12/2016 16:00:00	63.95	65.34	63.81	65.2	271609
08/12/2016 16:00:00	65.04	65.3	64.56	65.09	196873
09/12/2016 16:00:00	65.07	66	65.01	65.41	282184
12/12/2016 16:00:00	65.26	65.34	64.58	64.89	249189
13/12/2016 16:00:00	65.22	65.85	64.58	64.61	316750
14/12/2016 16:00:00	64.61	64.62	63.69	63.99	325370
15/12/2016 16:00:00	64.2	65.09	64.07	64.26	303702
16/12/2016 16:00:00	64.57	65.13	64.25	64.76	1412389
19/12/2016 16:00:00	65.18	65.22	64.1	64.41	247598
20/12/2016 16:00:00	64.33	64.71	64.16	64.29	201668
21/12/2016 16:00:00	64.26	64.79	64.08	64.53	129853
22/12/2016 16:00:00	64.61	64.94	64.22	64.63	147345
23/12/2016 16:00:00	64.74	64.86	64.34	64.53	179476
28/12/2016 16:00:00	64.7	64.86	64.2	64.47	170928
29/12/2016 16:00:00	64.6	64.85	64.35	64.73	145172
30/12/2016 16:00:00	64.83	64.84	63.8	63.95	157656
03/01/2017 16:00:00	64.22	64.62	63	63.07	251802
04/01/2017 16:00:00	62.91	63.95	62.75	63.83	242810
05/01/2017 16:00:00	63.97	64.26	63.28	63.96	254193
06/01/2017 16:00:00	64.7	65.74	64.08	65.48	339408
09/01/2017 16:00:00	65.54	65.79	65.19	65.38	155349
10/01/2017 16:00:00	65.39	66.07	64.8	65.63	242949
11/01/2017 16:00:00	65.7	66.29	65.23	65.97	201754
12/01/2017 16:00:00	64.53	65.61	64.27	64.58	535187
13/01/2017 16:00:00	64.79	65.66	64.68	65.37	260021
16/01/2017 16:00:00	65.45	65.8	64.62	65.57	77256
17/01/2017 16:00:00	65.24	65.37	64	64.29	429106
18/01/2017 16:00:00	64.28	65.1	64.15	65.01	304390
19/01/2017 16:00:00	65.02	65.18	64.36	64.6	262010
20/01/2017 16:00:00	64.57	65	64.43	64.79	456891
23/01/2017 16:00:00	64.86	64.86	63.53	64.22	301188
24/01/2017 16:00:00	64.42	64.61	64.08	64.55	364473
25/01/2017 16:00:00	64.81	64.84	64.06	64.64	269673
26/01/2017 16:00:00	64.65	65.07	64.39	64.63	188997
27/01/2017 16:00:00	64.96	65.77	64.63	65.72	262955
30/01/2017 16:00:00	65.69	65.69	64.08	64.68	218102
31/01/2017 16:00:00	64.34	64.4	63.18	63.83	416738
01/02/2017 16:00:00	64.17	64.25	63.34	63.82	260757
02/02/2017 16:00:00	63.69	64.75	63.51	64.28	265395
03/02/2017 16:00:00	64.59	65.07	64.12	64.74	228424
06/02/2017 16:00:00	64.75	65.05	64.21	64.26	177459
07/02/2017 16:00:00	64.72	66.39	64.72	66	299428
08/02/2017 16:00:00	66	66.78	65.3	66.65	344045
09/02/2017 16:00:00	66.7	67.18	66.43	66.84	204251
10/02/2017 16:00:00	67.13	67.45	66.83	67.21	239796
13/02/2017 16:00:00	68.72	70.97	67.82	70.22	615547
14/02/2017 16:00:00	70.34	71.76	69.61	71.27	491413
15/02/2017 16:00:00	71.58	72.01	71.17	71.92	331967
16/02/2017 16:00:00	71.85	72.07	69.78	70.44	315495
17/02/2017 16:00:00	70.23	71.27	70.23	70.67	285563
21/02/2017 16:00:00	73	76.29	73	75.65	736696
22/02/2017 16:00:00	75.65	75.77	73.5	73.58	797030
23/02/2017 16:00:00	73.91	73.94	72.5	72.86	533301
24/02/2017 16:00:00	72.72	72.8	71.87	72.74	392491
27/02/2017 16:00:00	72.63	72.87	71.92	72.22	946870
28/02/2017 16:00:00	72.24	73.79	72.23	72.46	764225
01/03/2017 16:00:00	72.88	73.63	72.56	73.24	482145
02/03/2017 16:00:00	73.12	73.68	72.84	73.29	315621
03/03/2017 16:00:00	73.02	73.32	72.69	73.25	261968
06/03/2017 16:00:00	72.99	73.38	72.38	73.18	297628
07/03/2017 16:00:00	73.04	73.34	72.63	73.12	198888
08/03/2017 16:00:00	73.5	73.92	72.92	73.26	212422
09/03/2017 16:00:00	73.5	73.56	72.55	73.15	237493
10/03/2017 16:00:00	73.33	73.75	73.01	73.53	338863
13/03/2017 16:00:00	73	73.92	72.25	73.62	343405
14/03/2017 16:00:00	73.28	73.55	72.3	72.82	415337
15/03/2017 16:00:00	73.12	73.63	72.83	73.05	438477
16/03/2017 16:00:00	72.79	73.08	72.27	72.46	287144
17/03/2017 16:00:00	72.27	72.88	72.26	72.67	1449750
20/03/2017 16:00:00	72.5	72.96	72.16	72.62	197669
21/03/2017 16:00:00	72.67	72.67	71.74	72.23	318313
22/03/2017 16:00:00	72.34	72.4	71.62	72.04	786683
23/03/2017 16:00:00	71.67	73.07	71.67	72.76	298564
24/03/2017 16:00:00	72.92	73.41	72.68	73.06	255387
27/03/2017 16:00:00	73.1	73.98	72.63	73.56	400687
28/03/2017 16:00:00	73.86	74.4	73.18	74.07	378567
29/03/2017 16:00:00	73.75	75.52	73.7	74.87	443136
30/03/2017 16:00:00	75.03	75.03	74.1	74.6	344412
31/03/2017 16:00:00	74.85	74.85	74.08	74.08	354256
03/04/2017 16:00:00	74.76	75.07	73.78	74.68	310105
04/04/2017 16:00:00	74.36	75.2	74.25	74.73	297877
05/04/2017 16:00:00	74.44	76	74.44	75.37	323511
06/04/2017 16:00:00	75.28	75.75	74.8	75.18	301675
07/04/2017 16:00:00	74.99	75.37	74.72	75.14	206448
10/04/2017 16:00:00	74.76	75.27	74.76	74.94	190442
11/04/2017 16:00:00	74.57	75.25	73.75	75.22	331644
12/04/2017 16:00:00	74.87	75.25	74.58	74.85	193714
13/04/2017 16:00:00	74.73	74.92	74.4	74.78	196654
17/04/2017 16:00:00	75.06	75.59	74.87	75.39	185018
18/04/2017 16:00:00	75.59	75.99	75.18	75.84	168591
19/04/2017 16:00:00	75.76	76.39	75.64	75.84	320008
20/04/2017 16:00:00	75.92	76.65	75.92	76.41	337165
21/04/2017 16:00:00	76.55	76.82	76.17	76.44	298842
24/04/2017 16:00:00	77.17	78	76.79	77.78	404540
25/04/2017 16:00:00	78.29	79.66	78.29	79.35	412990
26/04/2017 16:00:00	76.69	77.56	73.38	77.02	723719
27/04/2017 16:00:00	77.6	77.6	76.65	77.26	461248
28/04/2017 16:00:00	77.38	77.55	76.6	76.62	338984
01/05/2017 16:00:00	76.97	76.98	76.29	76.75	188895
02/05/2017 16:00:00	77.6	77.99	76.91	77.64	605818
03/05/2017 16:00:00	77.46	78.15	77.46	77.92	435841
04/05/2017 16:00:00	78.19	78.37	77.5	78.32	461411
05/05/2017 16:00:00	78.73	80.53	78.62	80.37	497899
08/05/2017 16:00:00	80.5	81.02	80.06	80.06	405749
09/05/2017 16:00:00	80.71	81.55	80.42	81.26	390708
10/05/2017 16:00:00	80.71	81.85	80.65	81.82	473403
11/05/2017 16:00:00	81.62	81.91	81.08	81.18	331808
12/05/2017 16:00:00	80.95	81.25	80.66	80.97	210961
15/05/2017 16:00:00	81.32	81.86	80.97	81.32	268112
16/05/2017 16:00:00	81.49	81.74	80.88	81.04	505185
17/05/2017 16:00:00	80.33	80.93	79.95	80.28	405935
18/05/2017 16:00:00	80.27	80.82	79.63	80.46	376658
19/05/2017 16:00:00	80.34	82.02	80.25	81.62	408016
23/05/2017 16:00:00	80.88	81.1	80.28	80.58	364541
24/05/2017 16:00:00	80.65	81.34	80.34	81.23	340322
25/05/2017 16:00:00	81.67	82.22	81.37	82.15	174520
26/05/2017 16:00:00	82	82.93	81.94	82.72	209160
29/05/2017 16:00:00	82.83	83.3	82.7	83.1	88944
30/05/2017 16:00:00	82.92	84.11	82.92	83.69	256867
31/05/2017 16:00:00	84.09	84.19	82.65	82.65	1029021
01/06/2017 16:00:00	83.09	83.09	80.57	82.9	636841
02/06/2017 16:00:00	82.91	83.19	81.82	82.1	342910
05/06/2017 16:00:00	81.65	81.82	80.64	81.12	556283
06/06/2017 16:00:00	80.62	80.9	80.17	80.6	403236
07/06/2017 16:00:00	80.47	80.87	80.14	80.67	388578
08/06/2017 16:00:00	80.58	80.6	78.4	79	463203
09/06/2017 16:00:00	78.97	79.34	76.56	77.28	547047
12/06/2017 16:00:00	77.15	77.17	75.52	75.98	636238
13/06/2017 16:00:00	75.62	76.76	75.47	75.96	480308
14/06/2017 16:00:00	77.75	78.75	76.8	78.36	686980
15/06/2017 16:00:00	77.92	79.39	77.14	79.03	643258
16/06/2017 16:00:00	78.75	80.97	78.55	80.46	1711171
19/06/2017 16:00:00	80.99	82.8	80.79	81.78	732421
20/06/2017 16:00:00	81.5	82.57	81.06	81.84	528240
21/06/2017 16:00:00	81.81	82.85	81.51	82.36	446929
22/06/2017 16:00:00	82.33	82.33	81.74	81.99	329883
23/06/2017 16:00:00	81.72	83.17	81.72	82.41	340837
26/06/2017 16:00:00	82.16	83.12	81.97	82.73	197922
27/06/2017 16:00:00	81.93	82.22	81.12	81.27	492057
28/06/2017 16:00:00	81.35	81.58	80.71	81.42	355004
29/06/2017 16:00:00	80.61	81.02	79.6	80.44	553411
30/06/2017 16:00:00	80.85	81.63	80.2	81.14	365040
04/07/2017 16:00:00	81.24	81.75	79.39	80.26	121469
05/07/2017 16:00:00	79.95	81.08	79.5	80.58	482589
06/07/2017 16:00:00	79.54	79.79	78.89	79.47	357628
07/07/2017 16:00:00	79.15	79.34	78.67	79.11	332206
10/07/2017 16:00:00	79.39	80.03	78.97	79.87	197362
11/07/2017 16:00:00	79.45	80.64	79.45	80.27	350718
12/07/2017 16:00:00	79	79.23	77.23	77.79	511493
13/07/2017 16:00:00	77.99	78.45	77.4	78.2	438696
14/07/2017 16:00:00	78.25	78.59	77.51	77.81	263370
17/07/2017 16:00:00	77.68	77.86	76.88	76.95	283404
18/07/2017 16:00:00	76.49	76.91	75.86	76.84	436835
19/07/2017 16:00:00	76.8	77.64	76.72	77.49	420097
20/07/2017 16:00:00	77.65	77.68	77.12	77.36	193553
21/07/2017 16:00:00	76.93	77.13	76.36	76.95	278158
24/07/2017 16:00:00	76.36	76.73	75.75	75.88	300192
25/07/2017 16:00:00	75.51	77.32	75.51	77.18	377951
26/07/2017 16:00:00	77.39	77.81	76.46	76.51	306419
27/07/2017 16:00:00	76.73	77.09	75.31	76.79	451938
28/07/2017 16:00:00	76	76.01	74.82	74.99	327798
31/07/2017 16:00:00	74.9	75.64	74.22	74.28	380664
01/08/2017 16:00:00	74.39	74.89	73.62	74.23	658784
02/08/2017 16:00:00	73.02	76.28	72.5	74.97	752689
03/08/2017 16:00:00	76.02	77.15	75.83	76.29	590643
04/08/2017 16:00:00	76.91	79	76.91	78.51	478950
08/08/2017 16:00:00	78.5	78.89	77.24	77.5	412117
09/08/2017 16:00:00	77.05	77.5	76.81	77.08	257077
10/08/2017 16:00:00	76.87	77.03	76.06	76.08	377851
11/08/2017 16:00:00	76.06	76.32	75.36	75.64	300593
14/08/2017 16:00:00	75.85	77.02	75.85	76.37	375029
15/08/2017 16:00:00	76.85	76.85	75.98	76.24	267251
16/08/2017 16:00:00	76.29	77.36	76.04	76.2	312419
17/08/2017 16:00:00	76.2	76.44	75.78	75.86	222561
18/08/2017 16:00:00	75.49	76.77	75.12	76.19	346497
21/08/2017 16:00:00	76.34	76.54	75.83	76.25	238730
22/08/2017 16:00:00	76.91	78.45	76.91	78.06	345883
23/08/2017 16:00:00	77.91	78.49	77.27	77.51	380362
24/08/2017 16:00:00	77.51	77.84	77.1	77.16	375300
25/08/2017 16:00:00	77.17	77.24	76.19	76.58	197121
28/08/2017 16:00:00	76.85	76.85	76.14	76.62	196694
29/08/2017 16:00:00	76.16	76.4	75.59	76.06	360618
30/08/2017 16:00:00	76.48	76.75	76.01	76.27	332540
31/08/2017 16:00:00	76.11	76.51	76	76.23	323900
01/09/2017 16:00:00	76	76.62	75.71	75.89	353668
05/09/2017 16:00:00	75.41	75.58	74.12	75.16	437242
06/09/2017 16:00:00	75	75.24	73.7	74.01	334563
07/09/2017 16:00:00	75.3	76.8	74.46	76.45	721868
08/09/2017 16:00:00	76.44	77.47	76.15	76.57	440827
11/09/2017 16:00:00	76.95	78.73	76.6	78.45	474446
12/09/2017 16:00:00	78.6	78.6	76.73	77.12	446377
13/09/2017 16:00:00	76.96	77.48	76.85	77.21	261240
14/09/2017 16:00:00	77.28	77.28	76.55	76.94	292673
15/09/2017 16:00:00	76.84	76.91	75.85	76.67	1783911
18/09/2017 16:00:00	77	79.35	76.8	79.25	460703
19/09/2017 16:00:00	79.42	80.05	79.13	79.51	472155
20/09/2017 16:00:00	79.49	80.9	79.42	80.78	395493
21/09/2017 16:00:00	80.99	81.05	80.13	80.19	261754
22/09/2017 16:00:00	80.07	80.16	78.82	79.97	227813
25/09/2017 16:00:00	79.72	79.77	78.74	79.15	383034
26/09/2017 16:00:00	79.56	79.56	78.19	78.96	344817
27/09/2017 16:00:00	79.37	79.74	78.45	79.71	510315
28/09/2017 16:00:00	79.24	79.82	79	79.43	271600
29/09/2017 16:00:00	79.78	79.99	79.3	79.72	354517
02/10/2017 16:00:00	79.98	80.57	79.73	80.45	307875
03/10/2017 16:00:00	80.65	81.17	79.94	79.95	414587
04/10/2017 16:00:00	80.09	80.29	79.74	79.74	418974
05/10/2017 16:00:00	79.8	81.02	79.74	80.9	368320
06/10/2017 16:00:00	80.95	82.5	80.82	82.11	315991
10/10/2017 16:00:00	81.6	81.96	80.91	81.55	411214
11/10/2017 16:00:00	81.59	82.44	81.4	81.86	317325
12/10/2017 16:00:00	82.25	83	81.84	82.19	288236
13/10/2017 16:00:00	82.02	82.97	82.02	82.71	259312
16/10/2017 16:00:00	83	85.68	83	83.78	434652
17/10/2017 16:00:00	83.88	84.76	83.77	84.22	253369
18/10/2017 16:00:00	84.27	84.74	83.8	84.13	332173
19/10/2017 16:00:00	84.06	84.53	83.76	84.39	196561
20/10/2017 16:00:00	84.91	85.42	84.77	85.07	205146
23/10/2017 16:00:00	85.2	85.52	83.88	84.29	332391
24/10/2017 16:00:00	84.3	85.38	84.3	85	292221
25/10/2017 16:00:00	85.02	86.38	84.63	86.2	371831
26/10/2017 16:00:00	88.36	88.36	84.01	84.05	748643
27/10/2017 16:00:00	85.09	85.39	83.15	83.58	725467
30/10/2017 16:00:00	83.55	83.6	82.28	82.84	499715
31/10/2017 16:00:00	83.11	83.89	82.83	83.35	535464
01/11/2017 16:00:00	83.77	84.9	83.18	83.19	389345
02/11/2017 16:00:00	83.29	84.4	82.88	83.95	359266
03/11/2017 16:00:00	83.69	84.45	83.3	83.85	187623
06/11/2017 16:00:00	84.04	84.37	83.43	83.79	370246
07/11/2017 16:00:00	84.2	84.39	83.19	83.72	195715
08/11/2017 16:00:00	84.03	84.1	83.25	83.37	268761
09/11/2017 16:00:00	82.95	83.13	81.76	82.32	512015
10/11/2017 16:00:00	82.38	82.61	81.44	82.57	322314
13/11/2017 16:00:00	82.32	83.14	82.02	83.05	283079
14/11/2017 16:00:00	82.85	83.04	82.3	82.49	269239
15/11/2017 16:00:00	82.56	83	80.92	80.93	443522
16/11/2017 16:00:00	81.17	83.46	81.17	83.14	370532
17/11/2017 16:00:00	83.15	83.72	82.71	82.9	326424
20/11/2017 16:00:00	83.3	84.34	82.69	84.04	376194
21/11/2017 16:00:00	84	84.6	83.85	84.23	262492
22/11/2017 16:00:00	84.05	84.26	83.29	83.65	271752
23/11/2017 16:00:00	83.37	83.98	83.27	83.62	54084
24/11/2017 16:00:00	83.8	84.51	83.04	84.21	115587
27/11/2017 16:00:00	84.1	84.36	83.7	84.16	213226
28/11/2017 16:00:00	84.38	85.27	84.24	84.59	381023
29/11/2017 16:00:00	84.79	84.85	81.65	82.86	457276
30/11/2017 16:00:00	82.94	82.95	79.22	80.13	1063214
01/12/2017 16:00:00	80.19	80.56	79.18	79.89	900268
04/12/2017 16:00:00	80.59	80.66	77.37	77.48	756713
05/12/2017 16:00:00	77.58	78.25	76.68	77.2	693397
06/12/2017 16:00:00	77.24	78.93	77.06	78.27	585360
07/12/2017 16:00:00	78.5	79.65	78.27	78.52	407625
08/12/2017 16:00:00	78.85	79.17	78.05	78.1	315068
11/12/2017 16:00:00	78.34	78.34	76.78	77.69	371695
12/12/2017 16:00:00	77.91	78.55	77.61	78.52	410741
13/12/2017 16:00:00	78.68	80.22	78.68	78.93	609565
14/12/2017 16:00:00	79.21	79.73	77.9	78.03	382701
15/12/2017 16:00:00	78.38	79.03	78.09	78.58	1278664
18/12/2017 16:00:00	79.02	79.38	78.5	78.55	308931
19/12/2017 16:00:00	78.93	79.03	77.86	78.38	427655
20/12/2017 16:00:00	78.7	78.78	77.61	78.6	656626
21/12/2017 16:00:00	78.39	79.19	78.04	78.99	571678
22/12/2017 16:00:00	79.19	79.19	77.73	77.98	284042
27/12/2017 16:00:00	77.28	77.64	76.63	77.28	253959
28/12/2017 16:00:00	77.18	77.9	76.93	77.7	231088
29/12/2017 16:00:00	77.73	77.78	76.88	77.27	275676
02/01/2018 16:00:00	76.92	78.17	76.92	78.12	309022
03/01/2018 16:00:00	77.97	79.9	77.97	79.79	468523
04/01/2018 16:00:00	79.63	81.15	79.46	79.81	413174
05/01/2018 16:00:00	79.79	79.79	78.14	78.83	449354
08/01/2018 16:00:00	78.66	78.93	77.73	78.33	344064
09/01/2018 16:00:00	78.56	78.64	77.42	77.95	394358
10/01/2018 16:00:00	77.83	77.87	75.93	76.65	715297
11/01/2018 16:00:00	76.63	76.68	75.16	76.64	479783
12/01/2018 16:00:00	76.75	76.82	76.09	76.36	443774
15/01/2018 16:00:00	77.04	77.04	76.07	76.37	191925
16/01/2018 16:00:00	76.87	77.52	76.2	77.1	602891
17/01/2018 16:00:00	77.24	78.35	77.16	77.41	567375
18/01/2018 16:00:00	78	78	76.98	77.17	509926
19/01/2018 16:00:00	77.73	77.73	76.36	77	646038
22/01/2018 16:00:00	76.52	76.9	75.79	76.24	732813
23/01/2018 16:00:00	76.25	76.45	75.17	76.22	655025
24/01/2018 16:00:00	76.22	77.08	75.75	76	711147
25/01/2018 16:00:00	76	76.75	75.63	76.62	489734
26/01/2018 16:00:00	76.91	76.91	75.77	75.99	487271
29/01/2018 16:00:00	75.95	75.96	74.56	74.66	574599
30/01/2018 16:00:00	74.48	74.49	73.06	74.26	559644
31/01/2018 16:00:00	74.21	74.85	74.09	74.3	497294
01/02/2018 16:00:00	74.15	74.51	73.36	73.85	457572
02/02/2018 16:00:00	73.73	73.97	73.02	73.34	495749
05/02/2018 16:00:00	72.92	73.44	70.87	71.2	767206
06/02/2018 16:00:00	70.4	73.07	69.33	72.68	1048477
07/02/2018 16:00:00	72.58	74.85	72.23	74.5	961361
08/02/2018 16:00:00	74.26	74.34	71.05	71.25	1074062
09/02/2018 16:00:00	71.67	71.88	69.5	71.09	808696
12/02/2018 16:00:00	75.34	76.96	73.8	75.48	1637000
13/02/2018 16:00:00	73.62	74.95	71.93	72.82	1081087
14/02/2018 16:00:00	72.86	73.39	72.1	72.21	946384
15/02/2018 16:00:00	72.53	72.89	71.51	72.79	689131
16/02/2018 16:00:00	72.98	74.41	72.79	74.15	455722
20/02/2018 16:00:00	74.1	77.24	74.02	74.9	677292
21/02/2018 16:00:00	75.68	75.68	74.43	74.44	660794
22/02/2018 16:00:00	74.62	75.06	74.07	74.24	449850
23/02/2018 16:00:00	74.78	75.37	74.23	75.3	370690
26/02/2018 16:00:00	75.53	75.8	74.64	74.8	543847
27/02/2018 16:00:00	74.78	75.45	74.06	75.19	582506
28/02/2018 16:00:00	75.58	76.27	75.16	75.21	737074
01/03/2018 16:00:00	75.64	76.59	74.32	74.92	860838
02/03/2018 16:00:00	74.81	74.81	73.26	74.11	631362
05/03/2018 16:00:00	74.15	75.64	74	75.27	540730
06/03/2018 16:00:00	75.2	75.2	74.14	74.5	477296
07/03/2018 16:00:00	74.39	75.19	74.06	74.67	383785
08/03/2018 16:00:00	75.02	76.09	74.75	75.97	417412
09/03/2018 16:00:00	76.24	76.75	75.91	76.09	370977
12/03/2018 16:00:00	76.09	76.43	75.63	75.88	329199
13/03/2018 16:00:00	76.86	76.86	74.22	74.5	480212
14/03/2018 16:00:00	74.32	75.45	74.28	75.23	530124
15/03/2018 16:00:00	75.52	75.59	74.68	75.02	412866
16/03/2018 16:00:00	75.09	76.93	75.07	75.97	1662654
19/03/2018 16:00:00	75.97	76.54	74.65	75.17	300988
20/03/2018 16:00:00	75.1	77.24	75.1	76.42	1056662
21/03/2018 16:00:00	75.92	76.39	74.93	74.94	806507
22/03/2018 16:00:00	74.74	74.88	73.71	73.77	533876
23/03/2018 16:00:00	73.69	73.9	72.72	72.79	384964
26/03/2018 16:00:00	75	75.3	73.3	73.89	583256
27/03/2018 16:00:00	73.9	74.37	72.43	72.9	427094
28/03/2018 16:00:00	72.96	72.98	71.1	71.92	695343
29/03/2018 16:00:00	72.49	73.76	71.8	73.32	527630
02/04/2018 16:00:00	73.31	73.55	72.02	72.89	403549
03/04/2018 16:00:00	72.98	73.41	72.53	73.16	326957
04/04/2018 16:00:00	72.92	74.03	72.3	73.91	386413
05/04/2018 16:00:00	74.15	74.35	71.89	72.23	421620
06/04/2018 16:00:00	71.8	72.78	71.25	71.4	449091
09/04/2018 16:00:00	71.55	72.3	71.21	71.24	419862
10/04/2018 16:00:00	71.49	71.79	70.52	70.81	413070
11/04/2018 16:00:00	70.58	70.93	70.16	70.23	365234
12/04/2018 16:00:00	70.36	71.79	70.36	70.69	373360
13/04/2018 16:00:00	70.99	70.99	69.33	69.42	652010
16/04/2018 16:00:00	69.5	69.85	68.56	68.76	965831
17/04/2018 16:00:00	68.9	69.09	67.83	68.26	626660
18/04/2018 16:00:00	67.76	70.03	67.55	69.53	829631
19/04/2018 16:00:00	69.18	69.44	68.56	69.38	592295
20/04/2018 16:00:00	69.93	69.93	69.31	69.7	526762
23/04/2018 16:00:00	69.3	69.3	68.2	69.06	943772
24/04/2018 16:00:00	73.03	73.88	70.81	72.04	1203682
25/04/2018 16:00:00	72.06	72.34	70.29	70.47	910839
26/04/2018 16:00:00	69.65	70.91	69.11	70.09	914969
27/04/2018 16:00:00	70.13	70.22	69.03	69.14	313063
30/04/2018 16:00:00	69.78	70.25	69.45	69.87	495645
01/05/2018 16:00:00	69.62	69.98	69.14	69.47	434956
02/05/2018 16:00:00	69.54	69.86	68.93	69.38	510683
03/05/2018 16:00:00	69.16	69.98	69.16	69.97	419247
04/05/2018 16:00:00	69.95	70.48	69.52	70.01	708556
07/05/2018 16:00:00	70.16	70.59	69.74	70.28	644217
08/05/2018 16:00:00	70.43	71.89	70.38	71.83	674185
09/05/2018 16:00:00	71.8	71.88	70.96	71.67	471214
10/05/2018 16:00:00	71.56	72.51	71.25	72.28	596007
11/05/2018 16:00:00	72.3	73	71.88	72.78	591762
14/05/2018 16:00:00	72.41	73.47	72.39	73.08	522478
15/05/2018 16:00:00	73.35	73.46	72.07	72.4	607564
16/05/2018 16:00:00	72.52	72.95	71.62	71.93	484227
17/05/2018 16:00:00	71.9	71.91	71.56	71.72	430595
18/05/2018 16:00:00	72.24	72.35	71.57	71.92	500779
22/05/2018 16:00:00	72.23	73.08	72.14	73	609038
23/05/2018 16:00:00	73.35	74.16	72.97	73.47	609391
24/05/2018 16:00:00	73.73	74.87	73.68	74.69	438266
25/05/2018 16:00:00	74.78	76.02	74.78	75.68	401987
28/05/2018 16:00:00	75.88	76	74.42	74.91	182794
29/05/2018 16:00:00	74.64	75.28	74.32	74.6	449718
30/05/2018 16:00:00	74.94	77.12	74.79	76.73	590490
31/05/2018 16:00:00	76.75	76.75	75.63	76.57	719166
01/06/2018 16:00:00	76.81	77.24	76.37	76.71	361113
04/06/2018 16:00:00	76.46	77.63	76.46	77.62	324861
05/06/2018 16:00:00	78.13	78.56	77.17	77.63	384372
06/06/2018 16:00:00	77.61	79.42	77.31	79.24	453286
07/06/2018 16:00:00	78.93	79.71	78	78.83	347888
08/06/2018 16:00:00	78.8	78.81	76.48	76.55	427401
11/06/2018 16:00:00	77.38	77.54	76.63	76.83	436609
12/06/2018 16:00:00	77.01	78.78	77.01	78.65	503308
13/06/2018 16:00:00	78.77	79.07	78.12	78.18	287204
14/06/2018 16:00:00	78.39	78.95	77.88	78.79	464911
15/06/2018 16:00:00	78.75	79.57	78.59	78.75	1508453
18/06/2018 16:00:00	78.67	80.47	78.44	80.42	418561
19/06/2018 16:00:00	80.46	81.04	80.21	80.78	406518
20/06/2018 16:00:00	81.09	81.46	80.59	80.97	376158
21/06/2018 16:00:00	81.09	81.81	79.73	79.83	357538
22/06/2018 16:00:00	80.01	80.73	79.83	80.65	305940
25/06/2018 16:00:00	80.58	80.58	78.94	79.62	382559
26/06/2018 16:00:00	79.66	80.06	79.39	79.41	533394
27/06/2018 16:00:00	79.36	79.5	77.94	78.22	321295
28/06/2018 16:00:00	78	78.87	76.56	78.78	478583
29/06/2018 16:00:00	78.77	79.34	78.25	79.3	331479
03/07/2018 16:00:00	80.09	80.09	78.82	79.48	269691
04/07/2018 16:00:00	79.58	79.65	78.83	79.31	79136
05/07/2018 16:00:00	79.41	79.58	78.56	79.51	316406
06/07/2018 16:00:00	79.35	80.38	79.35	79.84	227021
09/07/2018 16:00:00	79.94	80.28	79.68	80.08	155427
10/07/2018 16:00:00	80.32	81.19	79.99	81.11	447701
11/07/2018 16:00:00	81.4	83.45	81.25	83.1	807211
12/07/2018 16:00:00	83.31	84.75	83.31	84.34	450543
13/07/2018 16:00:00	84.48	84.67	83.3	83.48	317804
16/07/2018 16:00:00	83.61	83.61	82.7	83.06	163736
17/07/2018 16:00:00	84.84	84.91	83.43	84.5	316675
18/07/2018 16:00:00	85	85.1	83.8	83.98	196419
19/07/2018 16:00:00	84.1	84.98	83.64	84.97	330426
20/07/2018 16:00:00	84.65	85.56	84.12	85.47	530686
23/07/2018 16:00:00	85.5	85.63	84.75	85.31	331184
24/07/2018 16:00:00	85.35	85.71	84.46	84.87	315934
25/07/2018 16:00:00	84.54	84.74	83.7	84	290648
26/07/2018 16:00:00	84.12	84.2	83.2	83.31	266600
27/07/2018 16:00:00	83.24	84.12	82.89	83.33	203737
30/07/2018 16:00:00	83.53	84	81.65	81.95	372178
31/07/2018 16:00:00	81.99	82.99	81.17	82.99	514188
01/08/2018 16:00:00	81.63	83.97	80.3	83.16	743503
02/08/2018 16:00:00	83.55	83.55	81.84	82.81	402292
03/08/2018 16:00:00	82.77	83.11	82.25	82.56	305554
07/08/2018 16:00:00	82.51	82.57	81.26	81.62	749273
08/08/2018 16:00:00	81.62	81.92	80.95	81.24	370010
09/08/2018 16:00:00	81.35	82.63	81.19	81.85	440035
10/08/2018 16:00:00	81.67	81.67	81.26	81.5	400458
13/08/2018 16:00:00	81.52	81.85	81.2	81.27	374849
14/08/2018 16:00:00	81.36	81.55	80.9	81.36	466351
15/08/2018 16:00:00	81.18	82.11	80.95	81.95	376938
16/08/2018 16:00:00	82.2	82.86	82.06	82.64	326244
17/08/2018 16:00:00	82.43	82.43	79.45	80.44	472309
20/08/2018 16:00:00	80.44	80.79	79.68	79.68	404987
21/08/2018 16:00:00	79.65	79.65	78.22	78.68	336400
22/08/2018 16:00:00	78.54	78.89	77.44	77.57	462945
23/08/2018 16:00:00	77.75	77.84	76.17	76.62	470083
24/08/2018 16:00:00	77	77.3	76.68	76.87	746416
27/08/2018 16:00:00	76.98	77.1	76.24	76.5	268886
28/08/2018 16:00:00	76.56	76.6	75.59	76	330537
29/08/2018 16:00:00	75.74	75.93	74.88	74.95	450511
30/08/2018 16:00:00	75.15	75.29	74.18	74.51	564373
31/08/2018 16:00:00	74.72	75.8	74.47	74.85	1251404
04/09/2018 16:00:00	75.55	75.65	74.32	74.91	709641
05/09/2018 16:00:00	74.9	75	73.63	73.63	560672
06/09/2018 16:00:00	73.18	75.12	73.18	74.65	744188
07/09/2018 16:00:00	74.63	74.82	73.94	74.49	566620
10/09/2018 16:00:00	74.63	75.13	74.01	74.85	383147
11/09/2018 16:00:00	74.89	76.45	74.63	76.21	935936
12/09/2018 16:00:00	76	76.66	75	76.45	554599
13/09/2018 16:00:00	76.59	77.1	75.89	76.23	329134
14/09/2018 16:00:00	76.24	76.36	74.92	76.01	472111
17/09/2018 16:00:00	76.03	76.29	75.46	75.55	203185
18/09/2018 16:00:00	75.51	77.04	75.37	76.89	289527
19/09/2018 16:00:00	77	77.39	76.56	76.77	380971
20/09/2018 16:00:00	76.87	78.6	76.87	78.16	551281
21/09/2018 16:00:00	78.27	79.32	75.91	76.22	1173235
24/09/2018 16:00:00	76.3	76.77	75.84	76.35	387231
25/09/2018 16:00:00	76.41	77.17	76.2	76.69	292794
26/09/2018 16:00:00	76.96	77.39	76.63	77.07	418057
27/09/2018 16:00:00	77.23	77.47	76.33	77.07	491213
28/09/2018 16:00:00	76.99	77	76.11	76.48	425273
01/10/2018 16:00:00	76.6	76.61	74.72	75.33	499690
02/10/2018 16:00:00	75.24	75.24	74.74	74.99	440689
03/10/2018 16:00:00	75.03	75.27	74.15	74.4	493983
04/10/2018 16:00:00	74.46	74.51	73.68	74.4	473507
05/10/2018 16:00:00	74.41	76.39	74.27	76.28	507215
09/10/2018 16:00:00	75.21	77.05	75.09	76.45	531090
10/10/2018 16:00:00	76.52	76.54	73.73	73.8	649589
11/10/2018 16:00:00	73.61	74.35	73.01	73.28	719134
12/10/2018 16:00:00	74.07	75.33	73.66	75.2	635513
15/10/2018 16:00:00	75.11	75.49	74.61	74.82	445159
16/10/2018 16:00:00	74.91	75.11	74.41	75.04	363947
17/10/2018 16:00:00	75.08	75.3	74.23	74.25	525088
18/10/2018 16:00:00	74.45	74.97	74.2	74.75	391864
19/10/2018 16:00:00	74.71	75.95	74.71	75.32	397006
22/10/2018 16:00:00	75.35	75.36	73.68	74.22	456645
23/10/2018 16:00:00	73.7	74.86	72.76	74.41	477516
24/10/2018 16:00:00	72.33	75.45	72.1	73.39	654844
25/10/2018 16:00:00	73.48	74.16	72.5	73.62	379832
26/10/2018 16:00:00	73.48	73.48	71.08	72.5	588074
29/10/2018 16:00:00	72.9	73.43	69.46	69.97	465034
30/10/2018 16:00:00	69.69	70	69.11	69.55	656094
31/10/2018 16:00:00	69.9	72.15	69.9	72.12	1338547
01/11/2018 16:00:00	71.28	72.67	71.03	72.64	497002
02/11/2018 16:00:00	72.63	73.02	71.63	71.86	512056
05/11/2018 16:00:00	71.47	72.91	71.47	72.64	431487
06/11/2018 16:00:00	72.8	74	72.63	73.97	417412
07/11/2018 16:00:00	73.93	74.66	73.15	74.54	457396
08/11/2018 16:00:00	74.27	74.94	74.03	74.4	435190
09/11/2018 16:00:00	73.93	75.23	73.93	75.04	455511
12/11/2018 16:00:00	74.55	74.9	73.58	74.09	288604
13/11/2018 16:00:00	74.05	74.38	73.43	73.71	364838
14/11/2018 16:00:00	73.71	74.11	72.86	73.3	330436
15/11/2018 16:00:00	73.29	73.29	71.53	71.8	456000
16/11/2018 16:00:00	71.16	73.06	71.08	73	369610
19/11/2018 16:00:00	73.16	73.51	70.77	70.84	308470
20/11/2018 16:00:00	70.44	70.83	69.07	70.01	599203
21/11/2018 16:00:00	70.31	73.38	70.31	72.91	558101
22/11/2018 16:00:00	72.57	72.98	71.97	72.36	69214
23/11/2018 16:00:00	72.1	74.08	71.65	73.71	263506
26/11/2018 16:00:00	74.16	74.97	73.6	74.89	335237
27/11/2018 16:00:00	74.75	75.36	74.48	74.68	404938
28/11/2018 16:00:00	74.86	77.27	74.84	77.23	546458
29/11/2018 16:00:00	76.98	78.17	76.79	78.09	526532
30/11/2018 16:00:00	78.02	78.45	77.42	77.53	427410
03/12/2018 16:00:00	77.98	77.98	75.04	75.86	527811
04/12/2018 16:00:00	75.69	76.31	74.49	74.67	555701
05/12/2018 16:00:00	75.07	76.5	75.06	76.4	164682
06/12/2018 16:00:00	75.53	76.56	73.56	76.36	514368
07/12/2018 16:00:00	76.17	76.27	72.64	72.73	482254
10/12/2018 16:00:00	72.8	73.18	71.79	72.06	442395
11/12/2018 16:00:00	72.69	73.62	70.56	70.99	589320
12/12/2018 16:00:00	71.52	72.73	71.26	72.14	515875
13/12/2018 16:00:00	72.39	73.41	71.81	72.86	451545
14/12/2018 16:00:00	72.07	72.37	70.8	71.31	438848
17/12/2018 16:00:00	71.02	71.13	69.89	70.12	384456
18/12/2018 16:00:00	70.2	71.54	70.2	70.98	713037
19/12/2018 16:00:00	71.02	72.45	71.02	71.41	1188681
20/12/2018 16:00:00	71.54	71.54	69.11	70.02	523830
21/12/2018 16:00:00	70.44	71.93	70.01	70.26	1712788
24/12/2018 14:30:00	70.01	70.32	68.34	68.76	275480
27/12/2018 16:00:00	70.35	71.46	69.41	71.45	525137
28/12/2018 16:00:00	71.74	72.1	70.67	70.98	348928
31/12/2018 16:00:00	71.25	71.93	70.53	71.32	388081
02/01/2019 16:00:00	70.75	70.97	69.03	69.76	637996
03/01/2019 16:00:00	69.08	70.59	69	70.36	587721
04/01/2019 16:00:00	70.77	72.72	70.76	72.54	421389
07/01/2019 16:00:00	72.29	74.04	71.83	73.95	623908
08/01/2019 16:00:00	74.17	74.6	72.29	72.36	595728
09/01/2019 16:00:00	72.52	73.11	71.91	72.35	611194
10/01/2019 16:00:00	72.25	73.8	71.96	73.35	510761
11/01/2019 16:00:00	73.15	75.24	72.98	75.12	476211
14/01/2019 16:00:00	74.78	74.78	73.41	74.09	300712
15/01/2019 16:00:00	74.09	74.81	73.98	74.51	424088
16/01/2019 16:00:00	74.55	75.03	74.4	74.99	447864
17/01/2019 16:00:00	74.98	76.14	74.85	76	307719
18/01/2019 16:00:00	76.17	77.22	75.44	76.21	573170
21/01/2019 16:00:00	76.28	76.63	75.63	76.56	86552
22/01/2019 16:00:00	76.32	76.33	75.61	76.17	359824
23/01/2019 16:00:00	80.18	83.59	80.12	83.51	1324987
24/01/2019 16:00:00	84.76	85.58	83.6	84.97	1219884
25/01/2019 16:00:00	84.94	85.09	83.2	83.49	697355
28/01/2019 16:00:00	83.34	83.55	82.42	83.5	562698
29/01/2019 16:00:00	83.39	83.59	82.94	83.33	541440
30/01/2019 16:00:00	83.19	84.3	81.54	82.08	623788
31/01/2019 16:00:00	82.27	82.57	81.51	82.36	617979
01/02/2019 16:00:00	82.51	82.72	81.76	81.92	479032
04/02/2019 16:00:00	82.38	82.99	81.89	82.24	445422
05/02/2019 16:00:00	82.71	82.83	81.51	81.57	517230
06/02/2019 16:00:00	81.82	83.14	81.72	82.66	556377
07/02/2019 16:00:00	82.63	83.03	82.34	82.84	353264
08/02/2019 16:00:00	82.62	83.24	81.91	83.08	405951
11/02/2019 16:00:00	85.67	87.1	83.87	84.82	856841
12/02/2019 16:00:00	84.82	85.2	84	85.01	559877
13/02/2019 16:00:00	85.09	85.77	84.44	85.44	399127
14/02/2019 16:00:00	85.45	85.64	84.67	84.83	419554
15/02/2019 16:00:00	84.87	86.33	84.86	85.68	531414
19/02/2019 16:00:00	85.7	85.94	85.15	85.8	360374
20/02/2019 16:00:00	85.78	86.05	84.67	85.22	410362
21/02/2019 16:00:00	85.21	86.13	84.6	85.6	485507
22/02/2019 16:00:00	85.08	85.14	82.61	83.43	557311
25/02/2019 16:00:00	83.99	84.06	82.34	82.46	585704
26/02/2019 16:00:00	82.61	83.18	82.25	82.41	571081
27/02/2019 16:00:00	82.46	82.58	82.12	82.28	453903
28/02/2019 16:00:00	82.23	83.53	82.14	83.22	726866
01/03/2019 16:00:00	84.13	84.35	83.28	83.89	596347
04/03/2019 16:00:00	83.99	84.45	82.72	83.03	748083
05/03/2019 16:00:00	83.23	83.72	82.85	83.29	519758
06/03/2019 16:00:00	83.9	83.9	83.01	83.02	574383
07/03/2019 16:00:00	82.95	82.97	81.55	82.45	703452
08/03/2019 16:00:00	82.36	84.48	81.97	84.28	786348
11/03/2019 16:00:00	84.31	85.09	83.56	83.61	650193
12/03/2019 16:00:00	83.35	84.41	83	83.56	730247
13/03/2019 16:00:00	83.81	84.88	83.61	83.76	491680
14/03/2019 16:00:00	83.29	83.95	82.84	83.68	311177
15/03/2019 16:00:00	83.96	84.81	83.83	84.28	1705593
18/03/2019 16:00:00	84.2	84.76	83.9	84.66	313706
19/03/2019 16:00:00	84.76	84.96	84.26	84.65	393126
20/03/2019 16:00:00	84.03	84.53	83.5	83.57	525827
21/03/2019 16:00:00	83.58	85.14	83.58	84.86	438005
22/03/2019 16:00:00	84.96	85.49	84.64	85.25	723260
25/03/2019 16:00:00	85.29	85.52	84.4	85.47	506985
26/03/2019 16:00:00	85.83	86.15	85.35	86.04	382679
27/03/2019 16:00:00	86.15	87.57	86.15	87.06	509958
28/03/2019 16:00:00	87.47	88.61	87.43	88.16	525122
29/03/2019 16:00:00	88.14	88.27	86.9	86.94	642334
01/04/2019 16:00:00	87.34	87.66	86.77	87.21	707259
02/04/2019 16:00:00	87.37	87.57	86.53	87.27	427418
03/04/2019 16:00:00	87.52	88.18	87.19	87.88	477865
04/04/2019 16:00:00	88.03	88.79	87.93	88.12	325102
05/04/2019 16:00:00	88.57	88.95	87.86	88.23	443156
08/04/2019 16:00:00	87.9	88.01	86.91	87.72	457267
09/04/2019 16:00:00	87.54	87.54	86.63	87.02	418181
10/04/2019 16:00:00	87.26	87.67	86.85	87.49	537991
11/04/2019 16:00:00	87.99	88.5	87.78	88.31	360936
12/04/2019 16:00:00	88.57	88.93	87.76	88.78	574541
15/04/2019 16:00:00	88.81	89.19	87.53	88.92	513285
16/04/2019 16:00:00	89.2	89.5	88.41	88.73	606281
17/04/2019 16:00:00	88.87	88.9	88.22	88.68	473279
18/04/2019 16:00:00	88.96	90.91	88.93	90.84	616812
22/04/2019 16:00:00	90.94	90.94	87.01	88	826984
23/04/2019 16:00:00	88.56	89.62	88.05	88.45	715505
24/04/2019 16:00:00	88.49	89.17	87.9	88.58	535421
25/04/2019 16:00:00	88.7	88.84	87.68	88.62	582345
26/04/2019 16:00:00	88.78	89.6	88	89.49	462580
29/04/2019 16:00:00	86.74	88.71	85.85	88.14	912746
30/04/2019 16:00:00	87.92	88.78	86.9	87.44	661958
01/05/2019 16:00:00	87.43	88.22	86.64	87.71	453254
02/05/2019 16:00:00	87.99	88.95	87.29	88.43	490119
03/05/2019 16:00:00	88.94	90.62	88.66	89.72	567315
06/05/2019 16:00:00	89.06	90.94	89.05	90.34	534602
07/05/2019 16:00:00	89.77	90.87	89.49	90.64	501153
08/05/2019 16:00:00	90.52	90.52	89.03	89.68	477555
09/05/2019 16:00:00	89.06	90.62	89.02	90.18	567120
10/05/2019 16:00:00	89.86	90.45	89.18	90.19	615772
13/05/2019 16:00:00	89.21	89.21	87.87	88.68	678013
14/05/2019 16:00:00	88.88	89.75	88.78	89.37	959874
15/05/2019 16:00:00	89.92	91.55	89.09	89.67	788851