21/05/2015 16:00:00	35.03	35.03	30	31.25	211058
22/05/2015 16:00:00	32.32	38	32	34.94	224174
25/05/2015 16:00:00	35	37.47	35	37.26	105460
26/05/2015 16:00:00	37.26	37.69	36.3	36.92	75935
27/05/2015 16:00:00	38	38.16	33.63	34.5	135778
28/05/2015 16:00:00	34.6	34.6	33.14	34	28756
29/05/2015 16:00:00	33.71	34.11	33.35	33.52	15319
01/06/2015 16:00:00	33.73	34.27	33.52	33.85	8839
02/06/2015 16:00:00	34.72	34.72	33.13	33.13	7318
03/06/2015 16:00:00	33.98	34.26	33	34.19	29821
04/06/2015 16:00:00	34.99	34.99	31.88	33.45	32221
05/06/2015 16:00:00	33.97	33.98	33.1	33.98	4341
08/06/2015 16:00:00	33.98	34.11	33.5	33.64	4818
09/06/2015 16:00:00	33.29	34.99	33.01	34.99	12200
10/06/2015 16:00:00	34.83	34.99	34.37	34.5	11558
11/06/2015 16:00:00	35.5	37.65	35.5	37.65	23911
12/06/2015 16:00:00	38.92	41.5	38.67	41.45	61824
15/06/2015 16:00:00	42	46.99	41.36	43.5	87251
16/06/2015 16:00:00	44.89	47.2	44.69	46.95	62258
17/06/2015 16:00:00	48.8	51.92	47.01	47.19	106688
18/06/2015 16:00:00	47.2	47.2	42	43.5	83245
19/06/2015 16:00:00	44.44	44.73	40	43.2	56508
23/06/2015 16:00:00	47.13	47.2	43.41	43.41	27499
24/06/2015 16:00:00	44.49	46.22	42.5	44.6	22812
25/06/2015 16:00:00	44.99	45.15	42.9	43.3	14354
26/06/2015 16:00:00	43.45	43.45	40.6	41.2	25017
29/06/2015 16:00:00	40.34	41.45	38.66	38.77	25632
30/06/2015 16:00:00	38.99	42.74	38.99	42.38	22790
02/07/2015 16:00:00	39.68	40.06	38.6	39.25	28036
03/07/2015 16:00:00	39	40.07	39	39.8	6818
06/07/2015 16:00:00	38.45	39.95	38.45	38.46	9288
07/07/2015 16:00:00	38.46	39.01	36.41	39.01	23303
08/07/2015 16:00:00	39	39	37.05	37.05	24171
09/07/2015 16:00:00	37.65	38.5	36.7	37.25	8520
10/07/2015 16:00:00	38.42	38.5	37.15	37.48	13072
13/07/2015 16:00:00	38	39.55	38	38.75	14189
14/07/2015 16:00:00	39.62	39.79	39.05	39.45	17185
15/07/2015 16:00:00	39.99	39.99	37.5	37.9	16406
16/07/2015 16:00:00	38.01	38.47	37.5	38	5086
17/07/2015 16:00:00	38.5	41.9	38	41.9	39740
20/07/2015 16:00:00	41.89	44	41.5	43.64	31165
21/07/2015 16:00:00	44.16	44.89	41.73	43	24482
22/07/2015 16:00:00	41.89	43.49	41	42.06	13990
23/07/2015 16:00:00	43.29	44.75	42.75	42.83	12409
24/07/2015 16:00:00	43.84	45.37	43.56	43.56	20155
27/07/2015 16:00:00	42.99	43.91	41.82	42.86	10115
28/07/2015 16:00:00	42.86	44.58	42.54	44.25	11159
29/07/2015 16:00:00	43.95	44.8	43.2	44.52	13871
30/07/2015 16:00:00	50	52	47.97	49.5	84781
31/07/2015 16:00:00	48.02	49.72	47.74	48.88	25170
04/08/2015 16:00:00	50.68	53.5	50.4	50.4	44667
05/08/2015 16:00:00	50.56	52.5	50.16	50.38	22264
06/08/2015 16:00:00	49.98	50.75	46.26	47.32	42935
07/08/2015 16:00:00	47.53	47.53	45.01	46.51	17100
10/08/2015 16:00:00	47.2	47.25	42.87	43.06	19771
11/08/2015 16:00:00	42.92	46.71	42.92	46.05	19572
12/08/2015 16:00:00	45.6	45.6	43.83	45.26	11561
13/08/2015 16:00:00	45.74	47.69	45	46.45	16411
14/08/2015 16:00:00	47.18	47.18	44.8	45.48	12984
17/08/2015 16:00:00	45.51	45.55	43.86	45.36	7093
18/08/2015 16:00:00	44.32	44.55	42.52	42.52	14265
19/08/2015 16:00:00	42.25	42.25	40.27	40.91	28331
20/08/2015 16:00:00	40.91	40.91	38.26	38.58	27844
21/08/2015 16:00:00	37.75	39.3	36	36.68	29216
24/08/2015 16:00:00	31.05	37.42	30.5	35	100879
25/08/2015 16:00:00	37.55	39.5	35.89	36.03	43675
26/08/2015 16:00:00	37.91	37.99	35.1	37.65	29366
27/08/2015 16:00:00	37.8	39.15	37.28	37.57	22117
28/08/2015 16:00:00	37.35	38.25	36.71	36.99	15852
31/08/2015 16:00:00	37	37.89	36	36.71	14690
01/09/2015 16:00:00	36.24	36.24	34.9	34.98	30747
02/09/2015 16:00:00	35.5	36.06	34.75	35.3	9816
03/09/2015 16:00:00	35.3	36.82	35.3	36.09	8592
04/09/2015 16:00:00	36.4	36.4	35	35.5	5949
08/09/2015 16:00:00	36.3	36.49	35.46	35.51	6546
09/09/2015 16:00:00	36	37.69	34.37	34.38	26159
10/09/2015 16:00:00	34.43	35	34	34	7537
11/09/2015 16:00:00	34.88	35	34.05	34.9	6368
14/09/2015 16:00:00	34.6	36	34.5	36	8395
15/09/2015 16:00:00	36.49	37.5	36	37.22	10717
16/09/2015 16:00:00	37.84	38.7	37.46	38.09	5063
17/09/2015 16:00:00	39.49	49.85	39.28	47.25	165217
18/09/2015 16:00:00	47.5	48.75	45.04	46.94	99752
21/09/2015 16:00:00	46.1	48.82	45.8	46.05	61488
22/09/2015 16:00:00	45.48	45.78	43.63	44.48	52751
23/09/2015 16:00:00	45.14	46	43.83	44.73	32860
24/09/2015 16:00:00	44.62	45.5	42.88	44.46	60111
25/09/2015 16:00:00	45.08	47.45	44.23	45.21	62726
28/09/2015 16:00:00	45.09	45.21	43.48	44.25	62555
29/09/2015 16:00:00	43.04	45.41	43.04	45.25	31299
30/09/2015 16:00:00	46.03	47.65	45.33	46.66	18188
01/10/2015 16:00:00	47.46	47.46	44.8	46.38	31883
02/10/2015 16:00:00	46.88	47.5	45.27	47.28	30552
05/10/2015 16:00:00	47.47	51.29	47.43	48	91897
06/10/2015 16:00:00	49	49	45.6	47.11	75327
07/10/2015 16:00:00	46.97	48.71	46.84	48.5	46657
08/10/2015 16:00:00	49.58	50.85	47.89	49.72	66284
09/10/2015 16:00:00	49.94	49.95	47.73	47.95	22750
13/10/2015 16:00:00	46.08	46.5	43.03	43.22	91128
14/10/2015 16:00:00	44.22	44.83	41.91	43.44	61174
15/10/2015 16:00:00	43.5	44.32	43	43.85	19254
16/10/2015 16:00:00	44.25	44.5	43.27	44.46	25146
19/10/2015 16:00:00	45.36	45.36	43.24	43.39	33710
20/10/2015 16:00:00	43.6	43.6	40.51	40.9	59381
21/10/2015 16:00:00	41.05	42.62	40.86	42	46517
22/10/2015 16:00:00	42.17	42.53	41.63	41.91	22928
23/10/2015 16:00:00	42.96	42.96	41	41.73	36389
26/10/2015 16:00:00	41.7	41.7	40.5	41.02	29543
27/10/2015 16:00:00	40.51	41.14	39.49	40.87	40709
28/10/2015 16:00:00	41	41.15	40.12	41.15	22183
29/10/2015 16:00:00	41.13	41.91	39.7	41.61	25921
30/10/2015 16:00:00	41.32	42.36	41	42.06	31362
02/11/2015 16:00:00	42.36	43.99	40.52	40.52	51399
03/11/2015 16:00:00	41.19	41.5	39.16	41.3	66522
04/11/2015 16:00:00	43.99	44.24	38.94	41.5	114496
05/11/2015 16:00:00	42.72	44.06	41.42	41.72	65365
06/11/2015 16:00:00	42.75	43	41.9	41.9	58798
09/11/2015 16:00:00	42.1	42.1	39.55	40.1	64950
10/11/2015 16:00:00	40.96	40.96	37.36	38.16	69725
11/11/2015 16:00:00	38.2	38.2	36.8	37.37	21108
12/11/2015 16:00:00	37.02	39.54	36.84	38.39	24270
13/11/2015 16:00:00	39.21	39.78	37.5	37.92	54226
16/11/2015 16:00:00	38.31	38.31	35.37	36.56	81639
17/11/2015 16:00:00	35.05	36	34	35.24	109724
18/11/2015 16:00:00	35.78	37.34	35.47	37.34	81045
19/11/2015 16:00:00	37.33	39.44	36.98	39.18	64773
20/11/2015 16:00:00	39.49	39.49	37	37.62	55751
23/11/2015 16:00:00	37.75	38.78	37.29	38.74	30116
24/11/2015 16:00:00	38.2	38.2	35.73	35.98	103452
25/11/2015 16:00:00	36.09	36.58	35	35.24	36571
26/11/2015 16:00:00	35.97	36.75	35.5	36.36	22262
27/11/2015 16:00:00	36.16	36.2	35.32	36.2	26591
30/11/2015 16:00:00	36.02	36.02	35.05	35.24	118550
01/12/2015 16:00:00	35.22	35.7	34.98	35.21	59222
02/12/2015 16:00:00	35.25	35.43	34.51	35.29	31500
03/12/2015 16:00:00	35.86	35.86	35.07	35.75	16725
04/12/2015 16:00:00	36.03	36.45	35.9	36.32	28749
07/12/2015 16:00:00	36.11	36.56	35.95	36.3	19418
08/12/2015 16:00:00	36.01	36.39	35.5	35.99	14721
09/12/2015 16:00:00	35.59	35.59	33.25	33.66	73347
10/12/2015 16:00:00	33.31	34.33	33.31	34.07	18281
11/12/2015 16:00:00	33.9	34.22	33.62	34.08	14138
14/12/2015 16:00:00	34	34.14	33.3	33.55	17343
15/12/2015 16:00:00	33.31	35.02	33.3	34.94	39172
16/12/2015 16:00:00	35.5	36.34	35.01	36.16	25733
17/12/2015 16:00:00	36.71	37.44	36.4	37	71876
18/12/2015 16:00:00	37.19	37.19	35.35	35.35	45371
21/12/2015 16:00:00	35.7	36.06	33.64	34.14	39899
22/12/2015 16:00:00	34.12	34.55	33.88	34.43	21874
23/12/2015 16:00:00	34.06	35.1	34.06	34.5	11095
24/12/2015 16:00:00	34.61	35.25	34.59	34.99	4513
29/12/2015 16:00:00	34.79	35.6	34.67	34.8	36054
30/12/2015 16:00:00	35.11	37	35.11	36.09	33269
31/12/2015 16:00:00	36.21	36.25	34.94	35.6	18272
04/01/2016 16:00:00	35.48	36	34.15	35.92	36602
05/01/2016 16:00:00	36.16	36.82	35.24	35.45	50031
06/01/2016 16:00:00	35.13	35.66	34	35.61	18691
07/01/2016 16:00:00	35.57	35.75	34.75	34.76	28230
08/01/2016 16:00:00	34.89	35.7	34.89	35.15	18152
11/01/2016 16:00:00	35.37	35.37	33.5	33.89	38676
12/01/2016 16:00:00	34.45	35.08	33.5	33.8	48238
13/01/2016 16:00:00	33.96	33.96	30.63	30.68	46089
14/01/2016 16:00:00	30.28	30.52	28.56	29.59	39248
15/01/2016 16:00:00	29.44	29.44	26.84	28.9	60149
18/01/2016 16:00:00	28.18	28.93	28.15	28.59	10867
19/01/2016 16:00:00	30.74	31.29	29.5	29.56	55058
20/01/2016 16:00:00	29.49	30.31	27.2	29.73	51563
21/01/2016 16:00:00	29.44	33.3	29.44	32.6	76461
22/01/2016 16:00:00	33.45	33.48	32.05	32.7	35390
25/01/2016 16:00:00	33.29	33.71	32.3	33.1	39098
26/01/2016 16:00:00	33.28	33.28	31.75	32.51	22107
27/01/2016 16:00:00	32.12	32.7	31.03	31.03	46751
28/01/2016 16:00:00	31.19	32	30.92	31.61	28463
29/01/2016 16:00:00	31.34	32.68	31.29	32.5	84613
01/02/2016 16:00:00	33.06	33.06	32.1	32.72	10012
02/02/2016 16:00:00	32.69	33.01	31.2	31.76	39866
03/02/2016 16:00:00	31.77	31.77	30.36	31.67	83953
04/02/2016 16:00:00	32.16	32.52	31.44	32.23	54418
05/02/2016 16:00:00	32.37	32.37	29.65	30.41	54861
08/02/2016 16:00:00	29.21	29.88	27.81	28.44	53779
09/02/2016 16:00:00	28.03	29	27.34	27.53	22911
10/02/2016 16:00:00	28.41	28.5	27.67	27.75	24443
11/02/2016 16:00:00	27.3	27.89	26.35	26.95	20116
12/02/2016 16:00:00	27.03	27.38	25.85	26.81	32831
16/02/2016 16:00:00	28.96	29.64	27.64	28.48	266340
17/02/2016 16:00:00	33.32	34.26	29.71	30.7	190959
18/02/2016 16:00:00	31.49	31.5	28.3	28.34	146724
19/02/2016 16:00:00	28.78	28.78	27.5	28.34	85051
22/02/2016 16:00:00	28.72	29.2	28.32	29.16	54168
23/02/2016 16:00:00	29.51	29.51	27	27.71	68019
24/02/2016 16:00:00	27.89	28.95	27.27	28.71	59772
25/02/2016 16:00:00	29.03	29.58	28.38	29.38	38905
26/02/2016 16:00:00	29.64	29.85	29	29.79	45598
29/02/2016 16:00:00	29.92	30.9	29.64	30.13	152429
01/03/2016 16:00:00	30.12	30.62	29.9	30.41	44712
02/03/2016 16:00:00	30.47	32.74	30.4	32.53	75221
03/03/2016 16:00:00	32.56	34.41	31.75	32.61	83375
04/03/2016 16:00:00	32.83	33.93	32.82	33.51	40003
07/03/2016 16:00:00	33.95	34.39	33.03	34.24	69334
08/03/2016 16:00:00	34.99	36.15	34.82	35.88	103872
09/03/2016 16:00:00	36.36	36.36	34.53	34.59	73626
10/03/2016 16:00:00	35.27	35.27	33.65	34.03	59122
11/03/2016 16:00:00	34.33	35.4	34.12	35.37	42262
14/03/2016 16:00:00	35.94	35.94	34.89	35.28	40906
15/03/2016 16:00:00	35.29	35.29	34.34	34.59	50441
16/03/2016 16:00:00	34.67	35.49	34.25	35.16	41935
17/03/2016 16:00:00	35.02	35.49	34.7	35.22	29414
18/03/2016 16:00:00	36.15	37.48	35.8	36.99	121125
21/03/2016 16:00:00	37.41	37.55	36.16	36.67	53278
22/03/2016 16:00:00	36.66	36.77	35.31	35.84	80002
23/03/2016 16:00:00	35.67	35.95	34.43	34.58	47938
24/03/2016 16:00:00	35.99	36.41	34.95	35.85	35324
28/03/2016 16:00:00	36.68	36.68	35.52	36.37	40350
29/03/2016 16:00:00	36.57	36.88	36.2	36.6	32545
30/03/2016 16:00:00	36.86	37.08	35.96	36.1	44915
31/03/2016 16:00:00	36.5	36.92	35.96	36.72	44068
01/04/2016 16:00:00	36.65	37.26	36.2	37.03	56407
04/04/2016 16:00:00	37.52	39.09	37.52	38.12	93478
06/04/2016 16:00:00	37.95	38.95	37.92	38.66	33582
07/04/2016 16:00:00	38.66	38.98	38.14	38.4	26666
08/04/2016 16:00:00	38.5	38.86	38.05	38.33	25638
11/04/2016 16:00:00	39.31	39.31	38.07	38.11	40652
12/04/2016 16:00:00	38.1	38.43	37.8	37.95	43836
13/04/2016 16:00:00	38.62	38.75	38	38.22	37775
14/04/2016 16:00:00	38.59	39.78	38.26	39.78	47241
15/04/2016 16:00:00	39.78	39.93	39.3	39.83	28433
18/04/2016 16:00:00	39.99	40.84	39.22	40.35	52644
19/04/2016 16:00:00	40.5	40.99	40	40.5	52183
20/04/2016 16:00:00	40.88	40.9	39.85	39.85	44785
21/04/2016 16:00:00	40	40.32	39.86	40.18	24481
22/04/2016 16:00:00	40.16	40.52	39.5	40.25	30032
25/04/2016 16:00:00	40.62	40.62	39.1	39.59	30404
26/04/2016 16:00:00	39.75	39.77	39.06	39.76	21057
27/04/2016 16:00:00	40.1	40.27	39.53	40.19	30173
28/04/2016 16:00:00	40.25	40.3	39.71	39.89	27352
29/04/2016 16:00:00	39.89	40.36	39.73	39.94	35070
02/05/2016 16:00:00	39.8	39.8	38.75	39.42	101129
03/05/2016 16:00:00	39.33	39.7	38.9	39.19	32599
04/05/2016 16:00:00	39	39.59	36	38.19	201787
05/05/2016 16:00:00	38.23	38.23	36.25	36.78	142573
06/05/2016 16:00:00	36.39	36.66	35.52	35.91	69138
09/05/2016 16:00:00	35.81	35.81	33.5	34.37	81478
10/05/2016 16:00:00	34.31	34.64	33.88	34.46	57568
11/05/2016 16:00:00	34.47	34.47	33.49	33.79	73308
12/05/2016 16:00:00	33.53	34.81	33.53	34.61	56936
13/05/2016 16:00:00	34.65	35.11	33.85	34.03	78470
16/05/2016 16:00:00	34.09	34.2	33.55	33.71	44750
17/05/2016 16:00:00	33.94	34.79	33.71	34.59	49426
18/05/2016 16:00:00	34.95	35.45	34.11	34.37	65062
19/05/2016 16:00:00	34.34	34.5	33.8	34.02	56913
20/05/2016 16:00:00	34.38	34.66	34.15	34.25	32945
24/05/2016 16:00:00	34.53	35.82	34.49	35.57	70905
25/05/2016 16:00:00	35.82	36.9	35.55	36.71	70863
26/05/2016 16:00:00	36.93	36.93	35.83	36.01	57421
27/05/2016 16:00:00	36.35	37.37	36.17	37.27	44028
30/05/2016 16:00:00	37.73	38.81	37.28	38.2	61692
31/05/2016 16:00:00	37.99	38.58	37.4	38.47	500266
01/06/2016 16:00:00	39.4	41	39.18	40.57	255130
02/06/2016 16:00:00	40.61	40.61	38.98	39.12	90330
03/06/2016 16:00:00	39.06	39.06	37.95	38.28	59569
06/06/2016 16:00:00	38.76	38.76	38.02	38.43	36108
07/06/2016 16:00:00	38.52	38.64	37.77	38.14	29491
08/06/2016 16:00:00	38.08	38.54	37.76	38.25	29603
09/06/2016 16:00:00	38.44	38.44	37.32	37.44	27540
10/06/2016 16:00:00	37.27	37.27	35.9	36.12	43880
13/06/2016 16:00:00	36.06	36.23	35.54	35.82	46419
14/06/2016 16:00:00	35.76	37.36	35.76	37.32	36239
15/06/2016 16:00:00	37.57	38	37.01	37.1	42376
16/06/2016 16:00:00	37.6	37.6	36.4	36.71	36162
17/06/2016 16:00:00	36.62	37.45	36.35	37.26	53822
20/06/2016 16:00:00	37.65	38.54	36.95	38.14	191022
21/06/2016 16:00:00	38.13	38.42	37.76	38.25	115976
22/06/2016 16:00:00	38.43	38.43	37.81	38.24	38526
23/06/2016 16:00:00	38.56	40.24	37.97	39.87	101989
24/06/2016 16:00:00	38	39	37.02	37.86	82787
27/06/2016 16:00:00	37.88	37.88	34.45	35.51	98345
28/06/2016 16:00:00	36.37	37.18	35.6	37.16	107469
29/06/2016 16:00:00	37.91	39.4	37.91	39.35	113601
30/06/2016 16:00:00	39.58	40.39	38.95	39.76	65218
04/07/2016 16:00:00	40.5	40.8	39.62	40.18	25987
05/07/2016 16:00:00	40.13	40.13	39.29	39.61	41581
06/07/2016 16:00:00	39.4	39.89	39.15	39.68	43265
07/07/2016 16:00:00	39.64	39.7	39.34	39.48	32935
08/07/2016 16:00:00	39.66	40.63	39.66	40.44	45735
11/07/2016 16:00:00	40.43	41.9	40.43	41.8	57164
12/07/2016 16:00:00	41.64	43.2	41.64	42.36	114367
13/07/2016 16:00:00	42.59	42.92	41.4	41.47	39939
14/07/2016 16:00:00	41.99	42	41.15	41.41	33383
15/07/2016 16:00:00	41.5	42	41.15	41.8	34600
18/07/2016 16:00:00	42.5	42.72	41.55	41.72	30580
19/07/2016 16:00:00	42.23	43.54	42	43.32	90797
20/07/2016 16:00:00	42.77	43.88	42.77	43.2	64598
21/07/2016 16:00:00	43.24	43.57	42.11	42.85	28747
22/07/2016 16:00:00	43.24	44	42.58	43.18	44688
25/07/2016 16:00:00	43.41	43.69	43	43.13	25282
26/07/2016 16:00:00	43.35	43.35	42.09	42.93	35412
27/07/2016 16:00:00	42.99	44.27	42.99	43.8	32272
28/07/2016 16:00:00	43.82	45.52	43.82	45.14	61624
29/07/2016 16:00:00	45.2	45.37	43.95	44.75	53076
02/08/2016 16:00:00	44.74	45.02	42.94	43.93	69337
03/08/2016 16:00:00	46	48.54	44	48.01	272890
04/08/2016 16:00:00	47.51	48.11	46.39	47.96	96783
05/08/2016 16:00:00	49	49.27	47.96	48.86	68474
08/08/2016 16:00:00	49.31	50.93	49.13	50.53	95935
09/08/2016 16:00:00	50.84	51.41	50.22	50.85	48668
10/08/2016 16:00:00	50.87	51.87	50.87	51.37	86703
11/08/2016 16:00:00	51.84	53.11	51.6	51.71	97458
12/08/2016 16:00:00	51.51	52.49	50.58	51.06	73123
15/08/2016 16:00:00	51.53	51.54	50.27	50.43	68754
16/08/2016 16:00:00	49.5	50.71	47.66	49.38	142653
17/08/2016 16:00:00	50.18	50.86	49.64	49.8	115795
18/08/2016 16:00:00	49.89	51.95	49.65	51.36	85941
19/08/2016 16:00:00	52.43	55.4	51.81	55.4	336798
22/08/2016 16:00:00	55.26	55.26	53.6	55.04	98991
23/08/2016 16:00:00	55.01	56.3	53.87	53.96	99705
24/08/2016 16:00:00	54.29	55.11	52.65	52.9	81809
25/08/2016 16:00:00	52.9	53.14	52.1	52.61	113177
26/08/2016 16:00:00	52.51	54.15	52.51	54.07	59328
29/08/2016 16:00:00	54.49	54.49	53.67	53.85	42477
30/08/2016 16:00:00	54.48	54.48	53.5	54.02	27292
31/08/2016 16:00:00	54.05	54.4	53.64	54.4	178539
01/09/2016 16:00:00	54.45	54.45	52.31	53.35	95470
02/09/2016 16:00:00	53.4	56.92	53.35	55.04	99430
06/09/2016 16:00:00	55.54	55.95	54.74	55.58	57585
07/09/2016 16:00:00	56	56	54.64	55.22	69888
08/09/2016 16:00:00	55.24	56	54.72	55.86	47860
09/09/2016 16:00:00	55.74	55.78	53.11	53.55	83375
12/09/2016 16:00:00	52.99	55.3	52.22	54.37	78155
13/09/2016 16:00:00	54.39	54.54	52.62	53.53	65145
14/09/2016 16:00:00	53.99	54.86	53.56	54	84322
15/09/2016 16:00:00	54.54	55.31	53.88	54.95	75036
16/09/2016 16:00:00	55.49	55.49	53.95	54.68	97978
19/09/2016 16:00:00	55.21	59.03	55.06	56.88	150270
20/09/2016 16:00:00	56.88	57.25	54.88	56.12	104517
21/09/2016 16:00:00	56.62	58.52	56.4	58.29	111030
22/09/2016 16:00:00	58.99	58.99	56.93	57.33	120196
23/09/2016 16:00:00	58.02	58.02	56.5	57.18	67073
26/09/2016 16:00:00	57.02	57.37	56.52	56.98	48713
27/09/2016 16:00:00	57.28	58.04	57.11	58.01	69843
28/09/2016 16:00:00	56.58	57.04	54	56.09	239940
29/09/2016 16:00:00	55.83	57.58	55.83	56.59	97596
30/09/2016 16:00:00	56.83	56.87	56.1	56.29	39184
03/10/2016 16:00:00	57.49	57.49	55.52	56.4	78708
04/10/2016 16:00:00	57.53	57.99	56.9	57.27	93167
05/10/2016 16:00:00	57.79	58.31	57.25	57.88	72346
06/10/2016 16:00:00	57.88	58	57.18	57.73	64559
07/10/2016 16:00:00	58	59.13	57.66	59.1	63566
11/10/2016 16:00:00	58.95	58.95	55.67	56.04	151928
12/10/2016 16:00:00	56.11	56.66	55.33	56.25	93582
13/10/2016 16:00:00	55.56	55.82	53.31	55.59	131747
14/10/2016 16:00:00	55.97	57.3	55.97	56.31	76075
17/10/2016 16:00:00	56.24	56.24	54.8	55.17	51724
18/10/2016 16:00:00	55.78	55.88	55.33	55.76	53396
19/10/2016 16:00:00	55.76	57.84	55.6	57.01	72828
20/10/2016 16:00:00	57.62	57.66	56.55	57.15	49077
21/10/2016 16:00:00	57.36	58.23	56.96	57.96	85654
24/10/2016 16:00:00	58.5	59	58.3	58.81	64681
25/10/2016 16:00:00	59	59	57.56	58.08	63332
26/10/2016 16:00:00	58.11	58.4	57.39	57.47	56127
27/10/2016 16:00:00	57.65	58.26	55.34	55.34	96410
28/10/2016 16:00:00	55.55	55.71	54.67	54.7	82313
31/10/2016 16:00:00	55.25	55.89	54.79	55.58	47271
01/11/2016 16:00:00	56.1	56.13	54.75	54.94	37589
02/11/2016 16:00:00	56	60.21	56	58.29	197636
03/11/2016 16:00:00	57.99	57.99	51.78	54.04	211546
04/11/2016 16:00:00	54.45	54.5	52.3	52.52	78332
07/11/2016 16:00:00	54.43	54.43	52.97	53.75	89252
08/11/2016 16:00:00	53.8	55.26	53.28	55.02	74643
09/11/2016 16:00:00	53.51	55.35	53.03	54.32	107080
10/11/2016 16:00:00	55.02	56	53.28	54.02	94124
11/11/2016 16:00:00	54.07	54.07	52.76	53.73	76052
14/11/2016 16:00:00	54.22	54.22	51.17	51.36	93281
15/11/2016 16:00:00	50.84	54.29	50.84	53.65	121351
16/11/2016 16:00:00	53.74	54.62	53.41	54.3	56488
17/11/2016 16:00:00	54.62	56.91	54.3	56.91	108921
18/11/2016 16:00:00	57.48	59.78	57	59.55	150562
21/11/2016 16:00:00	59.7	60.93	59	60.23	105967
22/11/2016 16:00:00	60.6	60.6	57.2	57.81	102956
23/11/2016 16:00:00	58.22	58.55	57.49	58.1	70881
24/11/2016 16:00:00	58.49	59	58.46	58.62	36982
25/11/2016 16:00:00	58.96	59.04	58.21	58.99	44515
28/11/2016 16:00:00	58.82	58.82	56.8	56.94	79143
29/11/2016 16:00:00	57.27	57.97	57	57.33	56789
30/11/2016 16:00:00	57.96	57.96	55.89	56.38	123923
01/12/2016 16:00:00	56	56.27	52.8	52.86	233149
02/12/2016 16:00:00	52.83	53.59	51.46	52.08	207316
05/12/2016 16:00:00	53.02	54.56	52.51	54.02	126972
06/12/2016 16:00:00	54.99	54.99	53.45	54.41	91194
07/12/2016 16:00:00	54.79	54.79	53.19	54.11	98281
08/12/2016 16:00:00	54.45	56.69	53.66	56.17	121175
09/12/2016 16:00:00	56.87	57.55	55.11	55.8	90303
12/12/2016 16:00:00	56.32	56.32	55.05	55.38	74471
13/12/2016 16:00:00	55.37	55.94	55.02	55.46	46397
14/12/2016 16:00:00	55.54	55.63	54.44	55.6	146924
15/12/2016 16:00:00	55.53	57.19	55.31	56.62	83214
16/12/2016 16:00:00	57.14	57.14	56.04	56.25	38923
19/12/2016 16:00:00	56.36	57.39	56.02	56.18	62902
20/12/2016 16:00:00	56.18	56.26	55	55.29	59258
21/12/2016 16:00:00	55.66	55.66	54.48	54.65	49215
22/12/2016 16:00:00	54.95	55.17	53.75	54.3	81173
23/12/2016 16:00:00	54.98	56	54.4	55.93	58412
28/12/2016 16:00:00	58.5	60	58.18	58.72	144216
29/12/2016 16:00:00	59.45	59.45	57.44	58.18	67144
30/12/2016 16:00:00	58.47	58.47	57.25	57.7	31056
03/01/2017 16:00:00	58.22	58.4	56.6	57.65	83632
04/01/2017 16:00:00	57.96	59.02	57.15	58.86	84716
05/01/2017 16:00:00	58.8	63.43	58.5	63.16	268340
06/01/2017 16:00:00	62.98	63.05	60.34	62.03	198457
09/01/2017 16:00:00	62.12	62.86	61.75	62.54	79175
10/01/2017 16:00:00	62.44	64.74	62.28	63.34	131031
11/01/2017 16:00:00	63.75	64.47	62.56	63.74	144239
12/01/2017 16:00:00	64	64	62.56	63.83	79687
13/01/2017 16:00:00	63.9	64.88	63.02	63.14	114854
16/01/2017 16:00:00	63.82	64	63.3	64	30407
17/01/2017 16:00:00	64.37	64.97	63	64.61	144473
18/01/2017 16:00:00	64.99	66.31	64.22	66.17	155674
19/01/2017 16:00:00	66.69	68.21	66.28	67.47	175538
20/01/2017 16:00:00	67.96	68.58	66.5	66.71	167717
23/01/2017 16:00:00	67	67.13	65.38	65.53	159111
24/01/2017 16:00:00	66.22	66.22	64.5	65.23	159356
25/01/2017 16:00:00	65.89	67.94	65.68	67.04	114903
26/01/2017 16:00:00	68	68	66.31	66.8	107224
27/01/2017 16:00:00	66.86	67.8	66.86	67.7	107679
30/01/2017 16:00:00	67.97	67.97	65.47	66.4	143435
31/01/2017 16:00:00	65.98	66.13	65.31	66.04	66254
01/02/2017 16:00:00	67.23	67.5	66.2	66.7	65640
02/02/2017 16:00:00	66.54	68.5	66.5	68.22	152034
03/02/2017 16:00:00	68.5	68.5	66.86	67.89	99538
06/02/2017 16:00:00	68.3	69	67.27	68.93	74166
07/02/2017 16:00:00	69.46	70.6	69.33	69.89	136605
08/02/2017 16:00:00	70.57	70.57	69.42	70.24	118762
09/02/2017 16:00:00	70.64	72.25	70.45	71.69	138828
10/02/2017 16:00:00	72.41	73.5	71.84	72.24	176438
13/02/2017 16:00:00	73.3	74.9	72.37	73.22	204057
14/02/2017 16:00:00	73.59	73.59	72.28	73.24	167616
15/02/2017 16:00:00	72.91	80.41	71.23	79.22	587733
16/02/2017 16:00:00	80	81.4	77.78	79.71	292342
17/02/2017 16:00:00	80	80.79	78.68	80.66	166454
21/02/2017 16:00:00	82	84.05	81.44	82.89	254373
22/02/2017 16:00:00	83.1	84.09	81.41	83.81	215766
23/02/2017 16:00:00	84.29	84.29	81.09	82.25	224081
24/02/2017 16:00:00	81	81.39	79.48	81.17	264732
27/02/2017 16:00:00	81	81.12	78.43	78.84	234160
28/02/2017 16:00:00	78.49	80.66	78.47	78.87	214805
01/03/2017 16:00:00	79.99	80.12	78.8	79.55	174675
02/03/2017 16:00:00	80.01	81.15	79.5	80.08	143429
03/03/2017 16:00:00	80.23	80.99	79.29	80.65	127223
06/03/2017 16:00:00	80.63	80.63	78.62	79.55	100232
07/03/2017 16:00:00	79.54	81.33	79.42	80.76	123978
08/03/2017 16:00:00	81.35	82.81	80.83	82.17	177052
09/03/2017 16:00:00	82.5	84.47	81.96	84.2	158361
10/03/2017 16:00:00	85.38	86.5	84.2	86.35	202618
13/03/2017 16:00:00	87	87.69	86.01	87.36	172678
14/03/2017 16:00:00	87.28	87.32	85.6	86.05	210486
15/03/2017 16:00:00	86.22	86.56	84.86	86.39	210413
16/03/2017 16:00:00	86.77	86.99	85.98	86.99	101403
17/03/2017 16:00:00	87.46	89.82	86.92	89.14	167211
20/03/2017 16:00:00	89.98	92	89.55	92	189759
21/03/2017 16:00:00	92.58	95	89.08	90	464533
22/03/2017 16:00:00	89.58	90.34	86.73	88.91	229097
23/03/2017 16:00:00	89.35	91.06	89.04	90.3	202752
24/03/2017 16:00:00	91.06	93.68	90.62	92.3	171805
27/03/2017 16:00:00	91.24	94.53	90.1	94.46	240248
28/03/2017 16:00:00	94.62	97.5	94.46	96.74	303499
29/03/2017 16:00:00	97.68	97.68	94.8	97	222026
30/03/2017 16:00:00	96.71	96.87	91.35	92.32	457594
31/03/2017 16:00:00	90.41	92.32	89.23	90.71	352506
03/04/2017 16:00:00	90.92	92.79	90	92.79	195469
04/04/2017 16:00:00	93.01	94	91.48	91.85	201154
05/04/2017 16:00:00	92.22	93.3	90.93	91.4	180027
06/04/2017 16:00:00	91.49	92.42	91.07	91.8	125563
07/04/2017 16:00:00	91.6	92.37	91.38	92.34	82892
10/04/2017 16:00:00	92.25	93.5	91.8	92.29	127014
11/04/2017 16:00:00	92.09	92.98	90.05	91.91	169455
12/04/2017 16:00:00	92.31	93.04	91.72	91.88	132606
13/04/2017 16:00:00	91.99	95.32	91.45	94.25	242020
17/04/2017 16:00:00	95.09	95.95	94.1	95.5	140852
18/04/2017 16:00:00	95.69	96.49	94.73	95.81	148659
19/04/2017 16:00:00	96.3	98.92	96.29	97.79	282021
20/04/2017 16:00:00	99.14	102.75	98.86	102.71	347043
21/04/2017 16:00:00	105.25	105.25	101.35	103.17	285688
24/04/2017 16:00:00	105	105.24	101.63	102.56	243029
25/04/2017 16:00:00	103.68	104.15	101.34	103.9	225375
26/04/2017 16:00:00	101.97	102	98.42	101.05	451709
27/04/2017 16:00:00	99.71	101.41	96.73	99.76	281378
28/04/2017 16:00:00	100.24	103.84	99.98	103.72	246257
01/05/2017 16:00:00	103.43	106.34	102.22	106.07	378596
02/05/2017 16:00:00	110.87	115.64	106.5	113.94	801736
03/05/2017 16:00:00	112.3	114.61	110.67	112.19	388497
04/05/2017 16:00:00	113.48	113.59	111.33	111.82	322354
05/05/2017 16:00:00	112.45	117.57	112.45	116.83	301785
08/05/2017 16:00:00	118.62	119.2	117.5	118.81	283565
09/05/2017 16:00:00	119.99	125.13	119.22	122.63	330844
10/05/2017 16:00:00	122.74	127.72	122.65	127.15	397952
11/05/2017 16:00:00	128.7	128.7	121.99	125.81	428058
12/05/2017 16:00:00	125.72	130.27	124.73	128.14	292240
15/05/2017 16:00:00	128.89	130.85	127.54	128.97	322341
16/05/2017 16:00:00	129.28	130.42	126.1	128.9	537756
17/05/2017 16:00:00	126.54	127	122	122.55	560715
18/05/2017 16:00:00	114.37	126.67	110.14	125.32	906262
19/05/2017 16:00:00	123.83	124.83	118.49	120.33	687848
23/05/2017 16:00:00	122.78	122.87	121.05	122.12	467373
24/05/2017 16:00:00	122.31	123.28	121.26	122.3	228653
25/05/2017 16:00:00	122.7	123.39	120.25	121.67	296413
26/05/2017 16:00:00	121.73	122.53	121.07	122.29	284317
29/05/2017 16:00:00	122.94	124.65	122.74	124.2	166844
30/05/2017 16:00:00	123.18	125.75	120.82	121.91	500901
31/05/2017 16:00:00	122.59	124.72	120.22	124.72	4700848
01/06/2017 16:00:00	124.79	126.62	122.16	126.12	649713
02/06/2017 16:00:00	126.94	132.07	126.34	131.9	674941
05/06/2017 16:00:00	132.95	134	129.59	131.77	416747
06/06/2017 16:00:00	130.54	134.2	129.73	132.87	389358
07/06/2017 16:00:00	133.49	133.88	130.45	131.21	376589
08/06/2017 16:00:00	131.93	133.54	129.03	133.54	334643
09/06/2017 16:00:00	133.35	135.42	120.55	122.8	932634
12/06/2017 16:00:00	121	121.46	111	118.57	1008277
13/06/2017 16:00:00	115.62	119.81	111.76	114.95	827800
14/06/2017 16:00:00	114.95	116.33	112.04	113.02	511527
15/06/2017 16:00:00	108.83	113.57	108.18	113.57	759560
16/06/2017 16:00:00	115.3	116.88	113.44	114.92	3898574
19/06/2017 16:00:00	117.12	120.04	116.07	119.9	588229
20/06/2017 16:00:00	120.99	121.85	117.61	118.05	406471
21/06/2017 16:00:00	118.99	122.25	118.66	121.75	596226
22/06/2017 16:00:00	121.16	122	119.4	121.15	262346
23/06/2017 16:00:00	121.32	126.26	120.7	125.36	325384
26/06/2017 16:00:00	126	128.12	119.6	122.22	504097
27/06/2017 16:00:00	120.64	121.47	114.22	114.37	521078
28/06/2017 16:00:00	114.95	116.71	111.99	116.63	398498
29/06/2017 16:00:00	116.01	116.01	108.34	112.58	471401
30/06/2017 16:00:00	111.5	114.29	110.99	112.6	432014
04/07/2017 16:00:00	112.97	113.28	109.39	110.01	118293
05/07/2017 16:00:00	110.99	116.2	110.99	114.76	419797
06/07/2017 16:00:00	112.49	113.64	111.23	111.81	245298
07/07/2017 16:00:00	112.17	114.9	112.13	114.75	208595
10/07/2017 16:00:00	114.99	117.89	113.89	117.46	312676
11/07/2017 16:00:00	117.46	119.55	116.47	118.14	224746
12/07/2017 16:00:00	119.84	121.14	119	120.61	265635
13/07/2017 16:00:00	122.36	123.5	117.78	118.52	296747
14/07/2017 16:00:00	119.55	119.55	116.47	116.8	167301
17/07/2017 16:00:00	116.51	117.99	113.65	115.03	203193
18/07/2017 16:00:00	114.28	118.6	113.6	117.58	192937
19/07/2017 16:00:00	117.85	118.92	114.96	115.97	199347
20/07/2017 16:00:00	116.79	116.95	113.58	114.28	231479
21/07/2017 16:00:00	113.31	114.47	111.99	112.11	210618
24/07/2017 16:00:00	112	117.04	111.97	116.91	264433
25/07/2017 16:00:00	117.05	117.17	113.58	115.11	297072
26/07/2017 16:00:00	116.24	118.88	116.2	117	276672
27/07/2017 16:00:00	117.83	119.23	111.11	113.81	643332
28/07/2017 16:00:00	111.73	116.17	110.05	115.66	329877
31/07/2017 16:00:00	116.99	117.95	114.18	114.89	479986
01/08/2017 16:00:00	128.36	132	123.25	130.61	1153460
02/08/2017 16:00:00	131	131.49	122.23	123.72	811032
03/08/2017 16:00:00	125.77	125.77	121.46	122.28	409564
04/08/2017 16:00:00	122.52	124.24	121.5	121.81	273760
08/08/2017 16:00:00	124.38	125.3	121.55	122.23	357938
09/08/2017 16:00:00	120.8	122.6	119.85	120.97	374500
10/08/2017 16:00:00	119.61	119.75	112.25	112.57	713379
11/08/2017 16:00:00	112.01	117.9	112.01	116.39	425214
14/08/2017 16:00:00	118.91	121.16	118.66	119.59	351904
15/08/2017 16:00:00	120.46	120.53	118.22	118.69	262434
16/08/2017 16:00:00	119.29	120.43	118.28	119.43	277177
17/08/2017 16:00:00	119.48	121.07	118.49	118.55	595700
18/08/2017 16:00:00	118.05	119.6	117.17	119.12	268128
21/08/2017 16:00:00	119.12	121.26	119.12	121.15	390566
22/08/2017 16:00:00	121.69	124.25	121.1	123.88	315190
23/08/2017 16:00:00	123.12	128.98	122.68	128.59	492453
24/08/2017 16:00:00	128.95	133.95	128.72	133.5	683840
25/08/2017 16:00:00	134	134	128.18	129.45	412865
28/08/2017 16:00:00	129.28	130.88	126.66	129.75	281260
29/08/2017 16:00:00	127.3	131.5	126.78	130.69	339413
30/08/2017 16:00:00	131.81	137.27	131.72	136.82	499455
31/08/2017 16:00:00	137.41	139.41	135.85	138	650623
01/09/2017 16:00:00	138.75	138.75	136.13	137.3	287295
05/09/2017 16:00:00	136.77	138.48	133.74	137.1	387024
06/09/2017 16:00:00	137.98	138.9	133	134.57	428656
07/09/2017 16:00:00	134.01	137.71	133.95	137.5	300668
08/09/2017 16:00:00	137.53	139.35	136.41	138.03	284640
11/09/2017 16:00:00	140	143.69	139.57	143.01	394694
12/09/2017 16:00:00	144.64	147.22	142.14	146.69	468258
13/09/2017 16:00:00	146.91	149.4	143.83	145.25	475956
14/09/2017 16:00:00	145.01	147.5	142.4	146.43	300996
15/09/2017 16:00:00	146.24	147.71	145.43	146.21	345376
18/09/2017 16:00:00	147.23	151.75	147.23	150.6	335865
19/09/2017 16:00:00	151.85	151.88	150.01	150.75	295447
20/09/2017 16:00:00	150.95	151.36	145.5	146.97	434247
21/09/2017 16:00:00	146.94	148.9	143.57	148.18	347536
22/09/2017 16:00:00	147.99	149.49	145.96	148.45	261063
25/09/2017 16:00:00	147.6	147.75	140.22	141.64	499997
26/09/2017 16:00:00	143.14	145.5	138.57	140.06	413569
27/09/2017 16:00:00	141.86	147.86	141.23	146.48	506700
28/09/2017 16:00:00	146.42	146.93	143.4	144.87	297038
29/09/2017 16:00:00	145.69	146.95	144	145.12	347690
02/10/2017 16:00:00	146.12	149.66	146.1	148.83	262496
03/10/2017 16:00:00	149.95	150.9	145.31	145.7	403142
04/10/2017 16:00:00	145.82	145.88	125.8	128.95	2498614
05/10/2017 16:00:00	121.64	129.66	117	126.19	1947570
06/10/2017 16:00:00	123.05	125.96	119.98	122.92	1183379
10/10/2017 16:00:00	121.33	123.67	111.68	115.76	1989003
11/10/2017 16:00:00	114.65	120.82	114.65	118.4	1354476
12/10/2017 16:00:00	120.1	121.5	117.31	117.48	559770
13/10/2017 16:00:00	117.27	118.78	116.98	117.76	313693
16/10/2017 16:00:00	118.25	121.76	117.01	121.37	421584
17/10/2017 16:00:00	121.89	122.32	119.78	120.57	338774
18/10/2017 16:00:00	120.66	124.34	120.06	123.3	348855
19/10/2017 16:00:00	122.53	122.95	120.2	122.71	432581
20/10/2017 16:00:00	124.7	129.31	124.07	129.03	451938
23/10/2017 16:00:00	130.5	131.69	128.2	130.15	490391
24/10/2017 16:00:00	130.16	136.36	130.16	135.13	591972
25/10/2017 16:00:00	136.14	137.51	129.02	131.99	846636
26/10/2017 16:00:00	132.44	135.31	131.69	133.88	445996
27/10/2017 16:00:00	137.91	139.03	135.82	137.59	654174
30/10/2017 16:00:00	139.65	140.28	135.02	140.22	602929
31/10/2017 16:00:00	131.33	135	121.89	128.26	1332803
01/11/2017 16:00:00	128.78	129.66	122.35	123.68	831649
02/11/2017 16:00:00	122.5	129.07	122.25	128.05	584342
03/11/2017 16:00:00	128.61	129.73	125.79	126.06	344920
06/11/2017 16:00:00	127.6	128.75	126.1	126.98	231737
07/11/2017 16:00:00	127.5	128.53	125.8	127.48	241734
08/11/2017 16:00:00	126.59	127.3	125.6	126.52	261662
09/11/2017 16:00:00	124.88	125.15	121.27	123.09	456469
10/11/2017 16:00:00	122.58	127.84	122.45	126.97	475403
13/11/2017 16:00:00	125.46	126.16	124.47	125.68	228895
14/11/2017 16:00:00	123.75	127.31	123.75	125.97	277435
15/11/2017 16:00:00	124.27	127.06	124.27	125.01	246521
16/11/2017 16:00:00	126.05	133.55	125.92	132.51	604782
17/11/2017 16:00:00	132.62	135.25	132.43	133.82	331094
20/11/2017 16:00:00	134.41	139.48	134	139	389820
21/11/2017 16:00:00	140.65	143.36	140.06	140.85	468547
22/11/2017 16:00:00	140.85	142.15	137.11	140.3	265452
23/11/2017 16:00:00	140.31	141.88	140.31	141.14	73999
24/11/2017 16:00:00	141.51	143.01	140.94	142.2	184658
27/11/2017 16:00:00	145.37	148.97	144.05	144.69	444455
28/11/2017 16:00:00	146.11	146.11	141.6	143.49	349821
29/11/2017 16:00:00	143.02	143.44	129.61	133.4	814867
30/11/2017 16:00:00	136.01	136.04	133.11	135.16	563018
01/12/2017 16:00:00	133.17	133.5	127.25	130.84	448066
04/12/2017 16:00:00	133.74	133.74	122.44	122.64	659320
05/12/2017 16:00:00	121.26	124.93	117.11	120.95	494446
06/12/2017 16:00:00	120	122.65	119.75	122.37	552039
07/12/2017 16:00:00	123.62	128.44	123.47	128.28	405251
08/12/2017 16:00:00	131.09	132.24	128.63	129.5	382402
11/12/2017 16:00:00	130.04	135.02	130.04	133.8	393454
12/12/2017 16:00:00	133.31	133.7	129.49	130.48	321542
13/12/2017 16:00:00	131.33	133.8	130.91	132.39	239129
14/12/2017 16:00:00	132.77	134.38	131	131.59	178269
15/12/2017 16:00:00	132.29	136.85	131.69	135.2	534414
18/12/2017 16:00:00	137	138.96	136.93	138.33	280723
19/12/2017 16:00:00	138.25	138.58	136	136	227171
20/12/2017 16:00:00	136.7	137.18	133.2	134.99	203938
21/12/2017 16:00:00	135.39	135.71	133.16	133.47	168627
22/12/2017 16:00:00	133.3	133.3	130.63	131.99	142344
27/12/2017 16:00:00	132.35	132.94	130.63	132.2	156041
28/12/2017 16:00:00	132.6	132.6	127.75	128.62	213366
29/12/2017 16:00:00	128.59	128.72	126.06	127.11	228201
02/01/2018 16:00:00	127.32	132.23	126.65	132.06	250963
03/01/2018 16:00:00	133.27	135.57	133.12	135.15	400215
04/01/2018 16:00:00	135.96	137.74	134.3	137.46	409837
05/01/2018 16:00:00	137.47	138.64	135	137.26	308634
08/01/2018 16:00:00	137.13	139.93	136.78	139.51	182512
09/01/2018 16:00:00	139.9	141.56	136.76	137.94	197888
10/01/2018 16:00:00	136.99	139.53	136.27	139.29	209665
11/01/2018 16:00:00	139.26	139.97	138.5	139.14	141324
12/01/2018 16:00:00	139.25	143.1	138.97	140.76	255962
15/01/2018 16:00:00	140.01	143.1	140.01	142.8	150457
16/01/2018 16:00:00	142.88	142.88	138.39	139.13	416336
17/01/2018 16:00:00	139.1	143.62	138.15	142.72	341499
18/01/2018 16:00:00	142.01	145.38	142.01	142.55	292242
19/01/2018 16:00:00	143.03	144.47	142.5	144.47	220427
22/01/2018 16:00:00	143.51	149.1	143.51	148.87	220628
23/01/2018 16:00:00	149.64	149.67	144.79	147.31	227804
24/01/2018 16:00:00	147.9	150.48	146.15	147.52	248148
25/01/2018 16:00:00	148.46	155.6	148.17	154.3	409265
26/01/2018 16:00:00	156	160.69	153.17	159.07	346936
29/01/2018 16:00:00	159.99	160.31	154.62	156.87	283152
30/01/2018 16:00:00	150.5	155.03	147.01	153.01	488181
31/01/2018 16:00:00	154.74	158.08	154.21	157.04	342316
01/02/2018 16:00:00	155.98	160.97	154.28	154.9	311114
02/02/2018 16:00:00	154.65	159.28	152.75	155.45	575061
05/02/2018 16:00:00	150.33	158.75	148.52	149.12	654341
06/02/2018 16:00:00	143.79	153.57	140.7	152.66	868616
07/02/2018 16:00:00	154.22	160.3	152.25	154.94	462098
08/02/2018 16:00:00	155.4	159.78	149.43	149.5	570938
09/02/2018 16:00:00	151.26	156.13	144.09	150.38	901211
12/02/2018 16:00:00	155.27	162.39	154	161.05	687244
13/02/2018 16:00:00	161.25	164.41	157.75	158.72	515077
14/02/2018 16:00:00	158	173.16	157.98	171.49	814559
15/02/2018 16:00:00	168.51	175.99	163.12	171.91	895010
16/02/2018 16:00:00	170.66	174	168.5	172.6	575343
20/02/2018 16:00:00	172.49	184.35	172.45	180.68	601412
21/02/2018 16:00:00	173.59	173.98	168.59	168.64	865995
22/02/2018 16:00:00	170.23	173.7	169.34	170.52	524317
23/02/2018 16:00:00	172.48	173.45	168.98	173.28	338176
26/02/2018 16:00:00	174.99	175.57	171.44	172.55	351422
27/02/2018 16:00:00	173.15	177.77	172.61	176.11	410373
28/02/2018 16:00:00	177.51	179.7	177.14	177.5	641118
01/03/2018 16:00:00	176.69	178.22	171.36	175.62	498273
02/03/2018 16:00:00	173.57	177.23	173.16	176.42	490665
05/03/2018 16:00:00	175.8	181.62	174.07	180.8	379183
06/03/2018 16:00:00	181.31	184.92	180.5	182.52	312126
07/03/2018 16:00:00	180.26	186.63	179.7	185	422143
08/03/2018 16:00:00	186.87	191.28	186.74	189.86	437340
09/03/2018 16:00:00	192.78	192.86	189.6	191.43	346833
12/03/2018 16:00:00	192.5	192.9	189.15	190.1	245497
13/03/2018 16:00:00	190.55	191.85	187.35	188.6	297400
14/03/2018 16:00:00	188.93	191.99	186.11	189.29	243362
15/03/2018 16:00:00	191.33	194.34	190.66	192.86	296664
16/03/2018 16:00:00	192.86	193.61	190.47	192.53	333532
19/03/2018 16:00:00	191.43	193.89	187.25	190.36	343425
20/03/2018 16:00:00	190.25	202.45	189.75	200.28	628147
21/03/2018 16:00:00	199.52	199.68	192.1	193	457800
22/03/2018 16:00:00	190	197.1	187.91	188	390839
23/03/2018 16:00:00	187.98	190.19	181.94	182.65	357197
26/03/2018 16:00:00	187.01	190.75	168.62	176.01	539404
27/03/2018 16:00:00	174.93	179.03	164.1	165.65	449905
28/03/2018 16:00:00	162.91	164.74	156	157	524492
29/03/2018 16:00:00	156	162.64	153.04	160.32	533406
02/04/2018 16:00:00	161.42	164.31	155.62	157.66	295249
03/04/2018 16:00:00	158.66	161.01	150.95	152.72	286491
04/04/2018 16:00:00	145.99	154.88	145.15	154.05	301912
05/04/2018 16:00:00	157.8	160.75	152.73	153.46	341869
06/04/2018 16:00:00	151.94	153.65	148.29	149.81	169076
09/04/2018 16:00:00	151.06	157.09	151	151.18	322436
10/04/2018 16:00:00	154.99	155.63	150.11	154.65	319127
11/04/2018 16:00:00	154.32	156.04	150.05	150.05	219412
12/04/2018 16:00:00	151.91	152.99	150.25	151.98	162772
13/04/2018 16:00:00	153.04	153.56	146.85	148	242661
16/04/2018 16:00:00	148.27	148.27	143.01	146.78	193439
17/04/2018 16:00:00	147.84	159.75	147.84	158.04	373942
18/04/2018 16:00:00	159.76	162.05	155.29	161.12	267469
19/04/2018 16:00:00	159.47	163.33	158.34	160.27	165756
20/04/2018 16:00:00	161.02	162.39	159.64	161.86	213018
23/04/2018 16:00:00	162.74	162.91	155.5	157.95	265786
24/04/2018 16:00:00	159.33	162.55	156	157.93	281306
25/04/2018 16:00:00	158.21	158.58	152.72	154.04	235624
26/04/2018 16:00:00	156.12	161.5	156.12	160.11	222145
27/04/2018 16:00:00	163	163.5	159.88	160.83	196520
30/04/2018 16:00:00	162.53	172.47	162.53	172.01	379519
01/05/2018 16:00:00	160.99	164.54	153.25	163.5	697828
02/05/2018 16:00:00	162.02	167.15	157.48	160.99	445447
03/05/2018 16:00:00	158.79	174.04	158.79	173.49	406049
04/05/2018 16:00:00	173.5	177.48	171	174.95	222704
07/05/2018 16:00:00	176.81	178.86	175.56	178.55	271453
08/05/2018 16:00:00	180	189.03	179.47	185.51	369737
09/05/2018 16:00:00	186.97	188.32	184.54	187.6	290517
10/05/2018 16:00:00	187.57	188.19	185.78	186.4	194457
11/05/2018 16:00:00	186.4	187.32	182.5	184.53	205886
14/05/2018 16:00:00	185.1	189.49	182.09	182.3	242517
15/05/2018 16:00:00	182	183.64	178.2	183.5	162000
16/05/2018 16:00:00	182.12	185.05	181.79	181.87	163088
17/05/2018 16:00:00	182	187.74	181.46	186.82	223434
18/05/2018 16:00:00	186.5	190.25	186.5	189.25	170257
22/05/2018 16:00:00	179.28	182.39	175.54	177.66	528239
23/05/2018 16:00:00	177	181.8	177	180.55	222829
24/05/2018 16:00:00	180.55	185.22	180.55	184.19	196394
25/05/2018 16:00:00	185.02	187.65	184.85	186	159137
28/05/2018 16:00:00	185.61	188.44	185.05	187.9	66424
29/05/2018 16:00:00	186.26	189.11	184.73	186.51	169923
30/05/2018 16:00:00	187.37	189.52	186.83	188.01	178525
31/05/2018 16:00:00	187.51	194.33	187.51	192.33	355256
01/06/2018 16:00:00	193.79	196.7	191.55	195.41	238277
04/06/2018 16:00:00	196.05	204.07	196.05	202.62	269479
05/06/2018 16:00:00	203.67	211.37	203.67	209.06	233761
06/06/2018 16:00:00	209.42	214.5	206.72	214.44	247415
07/06/2018 16:00:00	214.43	214.8	206.14	209.2	281421
08/06/2018 16:00:00	207.86	212.65	206	210.68	182699
11/06/2018 16:00:00	211.51	214.25	207.81	208.15	152494
12/06/2018 16:00:00	208.29	215.9	208.27	215.04	242720
13/06/2018 16:00:00	215	221.84	213.08	214.58	256072
14/06/2018 16:00:00	215.34	220.6	215.34	220.21	202545
15/06/2018 16:00:00	219.5	223.29	216.82	221.99	228142
18/06/2018 16:00:00	220.11	228.25	219.96	228.14	185008
19/06/2018 16:00:00	225.85	228.97	222.22	226.42	249302
20/06/2018 16:00:00	228.52	232.65	228.52	229.34	191506
21/06/2018 16:00:00	230.41	231.5	218.49	218.6	367420
22/06/2018 16:00:00	221.95	221.95	213.36	216.17	288061
25/06/2018 16:00:00	213.49	213.49	201	203.6	390698
26/06/2018 16:00:00	205.07	211.16	205.07	205.88	362699
27/06/2018 16:00:00	207.84	207.84	192.02	193.61	471631
28/06/2018 16:00:00	190	196.17	186.31	194.53	307392
29/06/2018 16:00:00	196.97	197.75	191.1	191.71	235444
03/07/2018 16:00:00	196.21	200	193.5	197.85	211567
04/07/2018 16:00:00	198.21	206	198.02	202.32	145393
05/07/2018 16:00:00	201.64	201.82	196.89	200.37	170584
06/07/2018 16:00:00	200.26	206.09	199.66	205.61	168482
09/07/2018 16:00:00	207.48	209.31	201.67	207.93	196504
10/07/2018 16:00:00	208.69	210.25	207.16	208.75	143709
11/07/2018 16:00:00	207.04	213.73	205.32	212.48	171643
12/07/2018 16:00:00	214.09	221.45	213.49	220.46	196618
13/07/2018 16:00:00	221	221.88	215.99	218.89	180111
16/07/2018 16:00:00	218.94	222.34	216.57	217.43	121663
17/07/2018 16:00:00	214.99	224.89	212.07	222.82	205645
18/07/2018 16:00:00	223.39	225.88	221.07	224.14	178833
19/07/2018 16:00:00	224.01	228.25	222.81	227.46	188033
20/07/2018 16:00:00	226.98	229.89	224.8	225.03	163872
23/07/2018 16:00:00	225.64	229.33	222.9	228.04	176771
24/07/2018 16:00:00	229.85	232.43	219.35	221.14	219247
25/07/2018 16:00:00	219.16	227.5	216.89	226.55	152805
26/07/2018 16:00:00	221.56	224.59	220.14	222.85	197893
27/07/2018 16:00:00	224.7	224.93	208.2	209.47	244058
30/07/2018 16:00:00	209	209.37	191.72	191.86	351373
31/07/2018 16:00:00	182	187	174.13	181.22	612502
01/08/2018 16:00:00	181.5	182.5	175.25	177.02	366516
02/08/2018 16:00:00	175	187.57	172.9	187.45	388968
03/08/2018 16:00:00	189.5	189.5	182.75	184.1	208348
07/08/2018 16:00:00	185.5	190.13	184.01	184.93	268710
08/08/2018 16:00:00	186.78	187.55	184	185.75	200587
09/08/2018 16:00:00	185.05	192.14	185.05	191	248858
10/08/2018 16:00:00	190.15	198.5	189	195.81	218532
13/08/2018 16:00:00	196.35	198.27	187.07	187.58	249487
14/08/2018 16:00:00	188.83	191.2	185.25	188.64	154736
15/08/2018 16:00:00	186.07	189.57	180.23	182.35	240984
16/08/2018 16:00:00	184.34	186.9	182.77	183.27	196262
17/08/2018 16:00:00	182.52	183.42	177.76	179.09	237444
20/08/2018 16:00:00	180	180.22	173.98	177.19	237546
21/08/2018 16:00:00	176.8	179.71	173.8	173.93	241435
22/08/2018 16:00:00	173	180.01	172.95	178.57	252932
23/08/2018 16:00:00	179.4	183.91	179.21	179.8	223701
24/08/2018 16:00:00	181.21	184.39	180.3	182.98	137079
27/08/2018 16:00:00	184.36	187.5	181.5	186.4	186287
28/08/2018 16:00:00	187.47	188.37	184.49	187.43	131932
29/08/2018 16:00:00	188.23	189.4	186.28	187.27	161407
30/08/2018 16:00:00	187.02	190.02	186.5	188.02	158157
31/08/2018 16:00:00	187.81	190.8	187.35	189.86	245679
04/09/2018 16:00:00	191.71	193.5	189.4	192.57	158473
05/09/2018 16:00:00	188.88	190.2	180.01	184.39	365251
06/09/2018 16:00:00	183.68	185.43	174.8	176.08	321631
07/09/2018 16:00:00	173.85	185.8	172.1	185.35	270336
10/09/2018 16:00:00	186.31	187.6	183.13	187.09	234808
11/09/2018 16:00:00	186.05	194.26	184.9	193.5	202284
12/09/2018 16:00:00	193.36	199.51	190.52	198.83	256921
13/09/2018 16:00:00	200	206	200	202.22	207851
14/09/2018 16:00:00	204	207	200.41	201.75	207114
17/09/2018 16:00:00	205.03	207.34	200.01	200.19	173764
18/09/2018 16:00:00	201.06	213	200.27	210.33	323742
19/09/2018 16:00:00	211.6	215.47	209.5	213.33	289551
20/09/2018 16:00:00	214.07	217.77	212.45	215.68	221188
21/09/2018 16:00:00	215.63	217.09	207.53	208.84	266835
24/09/2018 16:00:00	207.88	213.4	203.26	209.64	224168
25/09/2018 16:00:00	210.38	213.56	205.95	208.45	323543
26/09/2018 16:00:00	209.66	213.5	207.49	210.7	254510
27/09/2018 16:00:00	211.69	214.7	211.69	214.06	157060
28/09/2018 16:00:00	213.91	217.69	210.87	212.3	231695
01/10/2018 16:00:00	213.97	213.97	208.22	209.04	172732
02/10/2018 16:00:00	208.99	210.35	200	200.29	230130
03/10/2018 16:00:00	201.99	208.05	201.98	205.98	199692
04/10/2018 16:00:00	205.91	206.32	191.14	192.35	390809
05/10/2018 16:00:00	192.38	195.64	182.73	189.04	472585
09/10/2018 16:00:00	182.74	186.1	180.58	181.58	351913
10/10/2018 16:00:00	181.15	181.7	166.63	169.99	662486
11/10/2018 16:00:00	166.01	174.52	166	166.72	561258
12/10/2018 16:00:00	174.9	178	169.94	176.2	363778
15/10/2018 16:00:00	177.01	177.7	171.68	176.16	262380
16/10/2018 16:00:00	179.29	189.01	179.29	188.91	403433
17/10/2018 16:00:00	189.22	190	174.14	178.89	520423
18/10/2018 16:00:00	178.97	182.59	174.8	176.07	375126
19/10/2018 16:00:00	177.49	179.9	165.5	166.07	505210
22/10/2018 16:00:00	169.76	177.5	165	176.12	386030
23/10/2018 16:00:00	168.25	174.18	166.58	173.01	367075
24/10/2018 16:00:00	173.91	176.31	159.25	159.47	387810
25/10/2018 16:00:00	173.29	180.99	167	178.82	636226
26/10/2018 16:00:00	170.5	180.99	168.91	174.5	514653
29/10/2018 16:00:00	180.13	180.13	164.47	168.62	339907
30/10/2018 16:00:00	165.41	173.61	161.45	169.63	311839
31/10/2018 16:00:00	173.51	182.42	171.78	181.87	500393
01/11/2018 16:00:00	181.78	190	177.58	189.01	401175
02/11/2018 16:00:00	189.88	195	186.68	190.95	431957
05/11/2018 16:00:00	188	189.1	183.12	185.01	321337
06/11/2018 16:00:00	185.38	188.73	182.63	185.15	245612
07/11/2018 16:00:00	188.38	195.91	186.63	193.87	459903
08/11/2018 16:00:00	193.51	197.6	192.62	197.02	282627
09/11/2018 16:00:00	194	194	183.19	186.23	350693
12/11/2018 16:00:00	184.77	184.77	173.15	179.57	399942
13/11/2018 16:00:00	181.2	185.57	177.7	183.93	394588
14/11/2018 16:00:00	185.99	191.18	185	189	296728
15/11/2018 16:00:00	188.16	199.05	187.85	197.87	440777
16/11/2018 16:00:00	191.99	199	190.21	198.8	329782
19/11/2018 16:00:00	198.45	199.25	176.02	176.33	514116
20/11/2018 16:00:00	164.8	180.42	162	179.34	591654
21/11/2018 16:00:00	185	185.99	175.34	175.69	433921
22/11/2018 16:00:00	175.99	178.1	175.41	176.38	60647
23/11/2018 16:00:00	174.5	180.11	172.17	178.25	143645
26/11/2018 16:00:00	182.25	191.58	181.3	191.45	330223
27/11/2018 16:00:00	188.88	194.72	187.61	192.03	282111
28/11/2018 16:00:00	194.67	199.1	193.68	199	321398
29/11/2018 16:00:00	198.7	201.06	194.3	197.86	291531
30/11/2018 16:00:00	199.02	203.15	197.07	202.24	365850
03/12/2018 16:00:00	207.49	209.6	203.36	207.35	388433
04/12/2018 16:00:00	205.87	210.05	197.91	199.12	321887
05/12/2018 16:00:00	200.99	203	196.5	199.7	94341
06/12/2018 16:00:00	191.71	210	190.8	209.65	437888
07/12/2018 16:00:00	208.7	212.25	193.18	195.13	425300
10/12/2018 16:00:00	195.28	203.23	192.96	203.23	354638
11/12/2018 16:00:00	207.34	212.76	205.21	207.3	364193
12/12/2018 16:00:00	211.01	218.25	210.56	213.78	445825
13/12/2018 16:00:00	215.94	219.3	213.16	215.12	322361
14/12/2018 16:00:00	198.68	199.59	187.24	187.66	938899
17/12/2018 16:00:00	187.24	187.24	172.52	173.8	643867
18/12/2018 16:00:00	180	183.13	176.58	181.01	468950
19/12/2018 16:00:00	182.02	188.8	177.86	179.44	451595
20/12/2018 16:00:00	177	181.99	164.27	172.09	845565
21/12/2018 16:00:00	173.22	173.96	165.59	166.39	588559
24/12/2018 14:30:00	162.6	166.85	160.02	161.56	381252
27/12/2018 16:00:00	171.03	180.5	171	180.26	440135
28/12/2018 16:00:00	183.77	185.45	176.58	182.02	351144
31/12/2018 16:00:00	185	191.65	184.1	188.79	301294
02/01/2019 16:00:00	182.02	188.99	179.14	187.11	301619
03/01/2019 16:00:00	184.84	184.84	174.59	174.91	315696
04/01/2019 16:00:00	180	186.75	179.15	184.98	268375
07/01/2019 16:00:00	186.86	193.9	185.2	191.91	280448
08/01/2019 16:00:00	195	199.09	191.68	193.21	276355
09/01/2019 16:00:00	194.65	198.67	191	196.36	259798
10/01/2019 16:00:00	194.86	198.3	191.51	195.96	167895
11/01/2019 16:00:00	194.81	199.11	194.62	198.13	153081
14/01/2019 16:00:00	195.2	199	191.75	197.7	229633
15/01/2019 16:00:00	198.9	205.88	198.47	204.72	264690
16/01/2019 16:00:00	206.03	210.24	203.56	209.11	275748
17/01/2019 16:00:00	208.97	212.6	207.68	209.68	218971
18/01/2019 16:00:00	212.5	212.5	209.05	210.55	227862
21/01/2019 16:00:00	210.25	211.78	208.04	210.19	75030
22/01/2019 16:00:00	209.33	211.27	205.67	208.87	201559
23/01/2019 16:00:00	210.88	213.8	206.5	209.19	181361
24/01/2019 16:00:00	209.01	212.73	208.87	211.5	156830
25/01/2019 16:00:00	212.91	216.37	212.2	215.46	239174
28/01/2019 16:00:00	211.64	213.82	210.2	211.31	179931
29/01/2019 16:00:00	212.87	212.87	205.07	208.61	224604
30/01/2019 16:00:00	211.11	214.04	208.8	213.62	158752
31/01/2019 16:00:00	213.5	222.83	212.95	221.18	348123
01/02/2019 16:00:00	221.25	223.76	219.33	223.25	159086
04/02/2019 16:00:00	223.55	229.37	223.55	227.61	162584
05/02/2019 16:00:00	228.64	232.25	227.56	227.95	167961
06/02/2019 16:00:00	226.6	229.82	225.04	229.12	182619
07/02/2019 16:00:00	226.89	231	226.89	228.72	207143
08/02/2019 16:00:00	226.8	234.69	225.25	233.3	247981
11/02/2019 16:00:00	235	239.5	229.83	229.83	331573
12/02/2019 16:00:00	216.7	232.93	212.82	232.37	445503
13/02/2019 16:00:00	235.54	238.18	226.4	227.53	268912
14/02/2019 16:00:00	227	235.51	226.05	234.39	256703
15/02/2019 16:00:00	235.03	236.68	230.36	236.05	223146
19/02/2019 16:00:00	237.03	245.5	235.5	239.75	326150
20/02/2019 16:00:00	241.04	242.6	233.56	236.35	233163
21/02/2019 16:00:00	236.97	238.25	233.74	236.16	214292
22/02/2019 16:00:00	237.63	241.47	236.89	241.47	182962
25/02/2019 16:00:00	244.99	248.74	242.68	247.73	233607
26/02/2019 16:00:00	246.86	248.2	242.52	244.14	227205
27/02/2019 16:00:00	243.96	248.97	242.74	248.87	188078
28/02/2019 16:00:00	248.95	252	247.12	249.28	295398
01/03/2019 16:00:00	252	256.35	250.33	254.71	237569
04/03/2019 16:00:00	255.55	259.39	243.17	248.21	326014
05/03/2019 16:00:00	248.21	252.68	245.98	250.92	210787
06/03/2019 16:00:00	251.8	252.9	247.54	251.95	244359
07/03/2019 16:00:00	251.05	255.3	248.41	251.93	203623
08/03/2019 16:00:00	245.13	254.74	243	254.36	327946
11/03/2019 16:00:00	256.9	269.35	256.68	268.46	590493
12/03/2019 16:00:00	268.46	272.61	264.24	270.52	447751
13/03/2019 16:00:00	272.5	275.5	269.94	273.38	452299
14/03/2019 16:00:00	272.99	279.38	271.21	277.29	468177
15/03/2019 16:00:00	278.65	279.57	271.74	273.42	5829405
18/03/2019 16:00:00	272.7	274.92	268.87	274.92	422203
19/03/2019 16:00:00	276.36	276.36	262.53	268.77	539662
20/03/2019 16:00:00	267.45	270.72	265	267.48	362294
21/03/2019 16:00:00	265.95	274.5	265.26	274	316480
22/03/2019 16:00:00	274.01	274.34	266.44	267.02	462093
25/03/2019 16:00:00	265.82	271.9	264	269.9	329553
26/03/2019 16:00:00	273.49	277.48	271.51	273.53	397185
27/03/2019 16:00:00	276.35	276.38	264	268.37	348136
28/03/2019 16:00:00	268.87	273.84	264.64	273.54	289358
29/03/2019 16:00:00	275.2	277.29	271.93	275.86	216615
01/04/2019 16:00:00	278.91	280.26	271.5	274.38	249847
02/04/2019 16:00:00	275.25	275.25	264.5	268.84	404848
03/04/2019 16:00:00	270.33	274.1	265.2	273.7	342645
04/04/2019 16:00:00	273.71	273.71	254.23	260.25	580039
05/04/2019 16:00:00	261.46	265	260.83	263.56	239159
08/04/2019 16:00:00	262.24	267.39	260.83	266.42	264575
09/04/2019 16:00:00	264.52	272.05	262.27	271.82	380413
10/04/2019 16:00:00	272.1	276.1	270.63	275.15	239552
11/04/2019 16:00:00	277.82	282.93	276.04	282.17	263703
12/04/2019 16:00:00	284.7	286.5	282.89	286.47	394567
15/04/2019 16:00:00	286.56	294.19	284.24	291.67	248573
16/04/2019 16:00:00	294.19	296.21	285.44	287.48	272577
17/04/2019 16:00:00	288.54	291.21	281.88	289.53	193563
18/04/2019 16:00:00	289.84	295.45	285.6	295.45	244013
22/04/2019 16:00:00	293.25	301.49	293.25	299.49	203640
23/04/2019 16:00:00	302.1	305.11	298.28	299.79	280854
24/04/2019 16:00:00	301.6	301.81	294.72	296.33	240165
25/04/2019 16:00:00	297.77	299.75	292.48	295.37	177320
26/04/2019 16:00:00	296.21	303.13	295.5	299.1	273017
29/04/2019 16:00:00	302.32	307.65	301.25	303.04	224937
30/04/2019 16:00:00	304	332.76	304	325.75	554233
01/05/2019 16:00:00	325.95	338.4	318.88	331	464898
02/05/2019 16:00:00	331.9	350.98	330.43	343.85	675755
03/05/2019 16:00:00	348.95	357.54	342.48	354.86	308621
06/05/2019 16:00:00	346.58	358.44	344.1	357.14	375507
07/05/2019 16:00:00	354	358.6	343.57	348.07	341731
08/05/2019 16:00:00	348	356	347	352.67	260633
09/05/2019 16:00:00	350	352.16	343.1	350.2	254273
10/05/2019 16:00:00	349.28	351.91	339.51	347.27	419415
13/05/2019 16:00:00	333.79	340.02	329.84	337.78	387077
14/05/2019 16:00:00	330.4	342.08	326.69	340.87	370422
15/05/2019 16:00:00	338.11	356.35	337.95	355.01	248719