04/04/2014 16:00:00	4.6	4.75	2.35	2.59	9899172
07/04/2014 16:00:00	2.75	3.91	2.61	3.62	7083226
08/04/2014 16:00:00	3.87	4.3	3.8	3.95	5818350
09/04/2014 16:00:00	4.17	4.25	3.33	3.7	3431351
10/04/2014 16:00:00	3.64	3.82	3.25	3.5	2033363
11/04/2014 16:00:00	3.5	3.64	3.35	3.37	1253378
14/04/2014 16:00:00	3.32	3.32	2.83	2.93	2189035
15/04/2014 16:00:00	2.8	2.88	2.37	2.55	2293225
16/04/2014 16:00:00	2.59	3.18	2.57	3.15	2256544
17/04/2014 16:00:00	3.25	3.56	3.22	3.35	1937779
21/04/2014 16:00:00	3.59	3.97	3.5	3.69	2770471
22/04/2014 16:00:00	3.68	3.68	3.38	3.38	1357028
23/04/2014 16:00:00	3.4	3.55	3.28	3.39	1010652
24/04/2014 16:00:00	3.37	3.48	3.31	3.43	891174
25/04/2014 16:00:00	3.42	3.44	3.3	3.34	473346
28/04/2014 16:00:00	3.38	3.47	3.31	3.31	374011
29/04/2014 16:00:00	3.39	3.39	3.33	3.33	180299
30/04/2014 16:00:00	3.34	3.34	3.15	3.2	459561
01/05/2014 16:00:00	3.25	3.25	3.02	3.03	931606
02/05/2014 16:00:00	3.05	3.21	3.04	3.13	261456
05/05/2014 16:00:00	3.2	3.31	3.17	3.26	277042
06/05/2014 16:00:00	3.3	3.31	3.22	3.23	262103
07/05/2014 16:00:00	3.26	3.29	3.15	3.18	328605
08/05/2014 16:00:00	3.2	3.23	3.1	3.1	214883
09/05/2014 16:00:00	3.1	3.11	2.83	3	716854
12/05/2014 16:00:00	3	3.09	2.83	2.9	434481
13/05/2014 16:00:00	2.8	2.8	2.65	2.69	724034
14/05/2014 16:00:00	2.63	3.1	2.54	2.91	1521167
15/05/2014 16:00:00	2.96	2.99	2.71	2.78	302175
16/05/2014 16:00:00	2.82	2.84	2.68	2.76	248334
20/05/2014 16:00:00	2.74	2.74	2.63	2.7	272915
21/05/2014 16:00:00	2.76	2.76	2.65	2.68	93927
22/05/2014 16:00:00	2.65	2.66	2.58	2.61	248927
23/05/2014 16:00:00	2.58	2.85	2.56	2.81	331254
26/05/2014 16:00:00	2.85	3.12	2.83	3.05	781792
27/05/2014 16:00:00	3.13	3.19	3.1	3.16	546218
28/05/2014 16:00:00	3.17	3.17	2.86	3.05	544952
29/05/2014 16:00:00	3.08	3.08	2.94	3.01	235399
30/05/2014 16:00:00	3.03	3.05	2.88	2.95	180091
02/06/2014 16:00:00	3	3	2.85	2.95	116766
03/06/2014 16:00:00	2.97	2.98	2.8	2.84	251738
04/06/2014 16:00:00	2.84	2.86	2.8	2.8	322520
05/06/2014 16:00:00	2.83	2.85	2.76	2.77	144604
06/06/2014 16:00:00	2.8	2.8	2.71	2.75	137373
09/06/2014 16:00:00	2.76	2.8	2.73	2.77	100721
10/06/2014 16:00:00	2.83	2.96	2.81	2.91	224828
11/06/2014 16:00:00	2.91	2.95	2.85	2.95	74037
12/06/2014 16:00:00	2.93	2.94	2.8	2.9	126364
13/06/2014 16:00:00	2.93	2.93	2.82	2.89	68153
16/06/2014 16:00:00	2.89	2.9	2.82	2.87	66849
17/06/2014 16:00:00	2.89	2.98	2.87	2.9	191106
18/06/2014 16:00:00	2.93	2.93	2.86	2.87	97464
19/06/2014 16:00:00	2.91	3.09	2.91	3.05	426520
20/06/2014 16:00:00	3.07	3.09	2.95	2.97	234664
23/06/2014 16:00:00	2.98	3.03	2.93	2.93	162684
24/06/2014 16:00:00	2.98	3.03	2.9	2.93	137950
25/06/2014 16:00:00	2.98	2.99	2.88	2.9	177859
26/06/2014 16:00:00	2.94	2.97	2.9	2.95	96276
27/06/2014 16:00:00	2.96	2.98	2.94	2.96	80952
30/06/2014 16:00:00	2.99	2.99	2.93	2.93	115610
02/07/2014 16:00:00	2.95	2.96	2.91	2.91	87376
03/07/2014 16:00:00	2.94	2.97	2.9	2.93	52824
04/07/2014 16:00:00	2.95	2.95	2.92	2.92	33417
07/07/2014 16:00:00	2.95	2.95	2.89	2.93	111385
08/07/2014 16:00:00	2.93	2.93	2.89	2.89	68307
09/07/2014 16:00:00	2.9	2.92	2.89	2.89	59488
10/07/2014 16:00:00	2.91	2.91	2.75	2.83	218073
11/07/2014 16:00:00	2.78	2.85	2.76	2.85	74680
14/07/2014 16:00:00	2.84	2.85	2.75	2.8	144489
15/07/2014 16:00:00	2.83	2.85	2.75	2.84	66555
16/07/2014 16:00:00	2.84	2.84	2.75	2.8	73865
17/07/2014 16:00:00	2.79	2.8	2.74	2.74	38547
18/07/2014 16:00:00	2.75	2.81	2.74	2.81	59088
21/07/2014 16:00:00	2.83	2.85	2.75	2.75	68927
22/07/2014 16:00:00	2.77	2.8	2.73	2.79	88315
23/07/2014 16:00:00	2.78	2.8	2.71	2.75	76285
24/07/2014 16:00:00	2.73	2.73	2.7	2.72	107144
25/07/2014 16:00:00	2.71	2.72	2.61	2.63	172551
28/07/2014 16:00:00	2.62	2.62	2.52	2.58	170423
29/07/2014 16:00:00	2.6	2.61	2.5	2.54	159382
30/07/2014 16:00:00	2.52	2.52	2.27	2.35	313194
31/07/2014 16:00:00	2.29	2.48	2.22	2.43	207969
01/08/2014 16:00:00	2.47	2.55	2.43	2.53	101115
05/08/2014 16:00:00	2.65	2.69	2.6	2.67	130074
06/08/2014 16:00:00	2.66	2.7	2.61	2.67	63315
07/08/2014 16:00:00	2.69	2.69	2.6	2.67	44538
08/08/2014 16:00:00	2.65	2.67	2.5	2.58	73874
11/08/2014 16:00:00	2.75	2.75	2.62	2.75	224241
12/08/2014 16:00:00	2.77	2.77	2.66	2.68	76176
13/08/2014 16:00:00	2.71	2.71	2.62	2.64	51622
14/08/2014 16:00:00	2.62	2.67	2.6	2.6	47270
15/08/2014 16:00:00	2.64	2.64	2.58	2.6	52940
18/08/2014 16:00:00	2.65	2.66	2.61	2.64	40352
19/08/2014 16:00:00	2.64	2.68	2.59	2.64	79418
20/08/2014 16:00:00	2.63	2.66	2.59	2.6	55505
21/08/2014 16:00:00	2.56	2.63	2.53	2.53	71327
22/08/2014 16:00:00	2.55	2.56	2.5	2.52	86158
25/08/2014 16:00:00	2.54	2.56	2.42	2.44	157052
26/08/2014 16:00:00	2.42	2.56	2.36	2.55	170824
27/08/2014 16:00:00	2.58	2.6	2.47	2.53	92135
28/08/2014 16:00:00	2.48	2.51	2.42	2.51	135090
29/08/2014 16:00:00	2.51	2.51	2.42	2.47	100690
02/09/2014 16:00:00	2.51	2.51	2.37	2.4	117894
03/09/2014 16:00:00	2.42	2.44	2.36	2.36	66466
04/09/2014 16:00:00	2.45	2.49	2.39	2.44	138141
05/09/2014 16:00:00	2.47	2.5	2.45	2.5	132303
08/09/2014 16:00:00	2.54	2.54	2.48	2.48	155102
09/09/2014 16:00:00	2.52	2.64	2.48	2.6	146941
10/09/2014 16:00:00	2.57	2.67	2.57	2.67	130186
11/09/2014 16:00:00	2.67	2.7	2.6	2.7	102384
12/09/2014 16:00:00	2.7	2.73	2.68	2.72	128487
15/09/2014 16:00:00	2.72	2.72	2.62	2.69	74148
16/09/2014 16:00:00	2.66	2.66	2.55	2.56	76249
17/09/2014 16:00:00	2.57	2.6	2.57	2.59	54321
18/09/2014 16:00:00	2.6	2.63	2.55	2.55	34031
19/09/2014 16:00:00	2.59	2.59	2.5	2.57	72777
22/09/2014 16:00:00	2.6	2.6	2.44	2.55	97354
23/09/2014 16:00:00	2.54	2.54	2.46	2.5	75066
24/09/2014 16:00:00	2.46	2.49	2.38	2.43	103899
25/09/2014 16:00:00	2.44	2.46	2.35	2.36	90164
26/09/2014 16:00:00	2.36	2.41	2.3	2.33	91294
29/09/2014 16:00:00	2.33	2.34	2.3	2.33	37150
30/09/2014 16:00:00	2.32	2.32	2.29	2.29	101965
01/10/2014 16:00:00	2.27	2.34	2.22	2.23	90607
02/10/2014 16:00:00	2.23	2.23	1.8	2.07	506176
03/10/2014 16:00:00	1.92	2.04	1.9	1.9	196456
06/10/2014 16:00:00	1.97	2.09	1.96	2	117471
07/10/2014 16:00:00	2	2.02	1.95	1.96	102639
08/10/2014 16:00:00	1.96	2.07	1.96	2.07	64341
09/10/2014 16:00:00	2.13	2.14	2.05	2.13	86313
10/10/2014 16:00:00	2.16	2.16	1.96	2	181656
14/10/2014 16:00:00	1.94	1.96	1.87	1.9	149574
15/10/2014 16:00:00	1.83	1.85	1.6	1.77	268369
16/10/2014 16:00:00	1.68	1.95	1.65	1.86	155593
17/10/2014 16:00:00	1.91	1.98	1.88	1.92	46378
20/10/2014 16:00:00	1.92	1.98	1.88	1.89	42966
21/10/2014 16:00:00	1.88	1.94	1.88	1.93	49843
22/10/2014 16:00:00	1.95	1.95	1.8	1.84	31463
23/10/2014 16:00:00	1.9	1.9	1.79	1.82	54616
24/10/2014 16:00:00	1.8	1.85	1.78	1.81	38138
27/10/2014 16:00:00	1.83	1.84	1.79	1.82	23173
28/10/2014 16:00:00	1.82	1.85	1.8	1.85	73888
29/10/2014 16:00:00	1.85	1.88	1.8	1.8	37419
30/10/2014 16:00:00	1.84	1.84	1.79	1.83	26324
31/10/2014 16:00:00	1.84	1.85	1.8	1.8	38935
03/11/2014 16:00:00	1.86	2.09	1.86	1.97	181337
04/11/2014 16:00:00	2.02	2.09	1.99	2.08	145082
05/11/2014 16:00:00	2.1	2.44	2.1	2.43	233241
06/11/2014 16:00:00	2.54	2.73	2.5	2.61	539156
07/11/2014 16:00:00	2.66	2.69	2.37	2.46	324632
10/11/2014 16:00:00	2.5	2.66	2.46	2.65	212556
11/11/2014 16:00:00	2.66	2.7	2.59	2.63	111038
12/11/2014 16:00:00	2.64	2.65	2.56	2.64	56717
13/11/2014 16:00:00	2.65	2.69	2.43	2.52	140066
14/11/2014 16:00:00	2.5	2.57	2.45	2.56	67063
17/11/2014 16:00:00	2.59	2.6	2.51	2.51	80575
18/11/2014 16:00:00	2.55	2.55	2.48	2.52	88006
19/11/2014 16:00:00	2.54	2.68	2.48	2.66	214940
20/11/2014 16:00:00	2.64	2.65	2.55	2.55	56978
21/11/2014 16:00:00	2.6	2.73	2.57	2.68	143521
24/11/2014 16:00:00	2.73	2.9	2.72	2.88	316004
25/11/2014 16:00:00	2.88	2.9	2.83	2.85	154297
26/11/2014 16:00:00	2.5	2.53	2.23	2.49	848645
27/11/2014 16:00:00	2.49	2.55	2.35	2.38	134773
28/11/2014 16:00:00	2.42	2.55	2.4	2.44	60276
01/12/2014 16:00:00	2.38	2.49	2.37	2.45	42139
02/12/2014 16:00:00	2.45	2.45	2.33	2.39	59607
03/12/2014 16:00:00	2.38	2.41	2.37	2.39	21504
04/12/2014 16:00:00	2.39	2.39	2.25	2.25	80487
05/12/2014 16:00:00	2.28	2.28	2.14	2.16	116080
08/12/2014 16:00:00	2.19	2.25	2.16	2.18	34876
09/12/2014 16:00:00	2.2	2.2	2.08	2.09	66735
10/12/2014 16:00:00	2.09	2.09	1.98	2	184100
11/12/2014 16:00:00	1.97	2	1.95	1.99	96097
12/12/2014 16:00:00	2.02	2.02	1.92	1.95	47952
15/12/2014 16:00:00	2	2	1.96	2	68904
16/12/2014 16:00:00	1.91	1.99	1.91	1.92	41760
17/12/2014 16:00:00	1.93	1.99	1.93	1.97	30167
18/12/2014 16:00:00	2	2.24	2	2.2	230352
19/12/2014 16:00:00	2.2	2.22	2.14	2.18	69076
22/12/2014 16:00:00	2.19	2.33	2.16	2.18	55341
23/12/2014 16:00:00	2.14	2.18	2.02	2.02	69003
24/12/2014 16:00:00	2.02	2.09	1.98	2	24564
29/12/2014 16:00:00	2.07	2.08	2.02	2.03	24523
30/12/2014 16:00:00	2.06	2.09	2.04	2.09	32355
31/12/2014 16:00:00	2.12	2.12	2.05	2.06	37376
02/01/2015 16:00:00	2.05	2.1	2.03	2.08	24527
05/01/2015 16:00:00	2.12	2.2	2.12	2.2	67718
06/01/2015 16:00:00	2.2	2.25	2.2	2.21	53375
07/01/2015 16:00:00	2.25	2.25	2.2	2.22	67188
08/01/2015 16:00:00	2.25	2.28	2.2	2.21	50392
09/01/2015 16:00:00	2.25	2.25	2.18	2.22	29120
12/01/2015 16:00:00	2.25	2.25	2.2	2.2	27442
13/01/2015 16:00:00	2.21	2.23	2.18	2.2	65924
14/01/2015 16:00:00	2.21	2.22	2.17	2.2	31122
15/01/2015 16:00:00	2.2	2.21	2.02	2.07	55912
16/01/2015 16:00:00	2.11	2.23	2.1	2.2	47503
19/01/2015 16:00:00	2.2	2.2	2.1	2.11	35337
20/01/2015 16:00:00	2.16	2.2	2.12	2.12	46094
21/01/2015 16:00:00	2.13	2.15	2.12	2.12	126657
22/01/2015 16:00:00	2.15	2.16	2.05	2.12	98433
23/01/2015 16:00:00	2.08	2.12	2.02	2.12	33059
26/01/2015 16:00:00	2.16	2.16	1.98	2.01	166289
27/01/2015 16:00:00	2.01	2.01	1.99	2	58681
28/01/2015 16:00:00	2	2	1.91	2	106022
29/01/2015 16:00:00	2	2.01	1.95	2	37933
30/01/2015 16:00:00	2	2.04	1.97	1.99	280362
02/02/2015 16:00:00	2.04	2.05	1.99	2	112109
03/02/2015 16:00:00	2.03	2.05	1.99	2	283678
04/02/2015 16:00:00	2.01	2.03	1.97	1.97	64300
05/02/2015 16:00:00	1.98	2	1.95	1.95	65680
06/02/2015 16:00:00	1.98	2.03	1.95	2.01	47314
09/02/2015 16:00:00	2.03	2.03	1.99	1.99	50597
10/02/2015 16:00:00	2.07	2.07	1.99	2	57421
11/02/2015 16:00:00	2.01	2.03	1.94	1.98	64983
12/02/2015 16:00:00	1.98	1.98	1.93	1.93	70410
13/02/2015 16:00:00	1.96	1.96	1.92	1.95	34406
17/02/2015 16:00:00	1.98	1.98	1.92	1.93	212238
18/02/2015 16:00:00	1.97	2.3	1.95	2.3	535860
19/02/2015 16:00:00	2.44	2.5	2.35	2.5	437520
20/02/2015 16:00:00	2.55	2.6	2.45	2.45	195529
23/02/2015 16:00:00	2.55	2.56	2.47	2.5	140432
24/02/2015 16:00:00	2.23	2.5	2.15	2.2	820404
25/02/2015 16:00:00	2.25	2.25	2.2	2.24	194958
26/02/2015 16:00:00	2.22	2.26	2.21	2.22	154325
27/02/2015 16:00:00	2.17	2.19	2.16	2.18	176162
02/03/2015 16:00:00	2.2	2.2	2.15	2.15	131128
03/03/2015 16:00:00	2.16	2.16	2.15	2.16	34742
04/03/2015 16:00:00	2.19	2.19	2.15	2.15	56421
05/03/2015 16:00:00	2.18	2.19	2.16	2.16	38837
06/03/2015 16:00:00	2.17	2.18	2.15	2.17	277269
09/03/2015 16:00:00	2.16	2.2	2.14	2.2	241233
10/03/2015 16:00:00	2.18	2.18	2.14	2.14	60747
11/03/2015 16:00:00	2.15	2.15	2.13	2.13	167915
12/03/2015 16:00:00	2.13	2.15	2.05	2.12	174665
13/03/2015 16:00:00	2.08	2.1	2.02	2.1	73960
16/03/2015 16:00:00	2.09	2.12	2.08	2.09	39369
17/03/2015 16:00:00	2.1	2.1	2	2.02	122122
18/03/2015 16:00:00	2.02	2.12	2.02	2.12	76328
19/03/2015 16:00:00	2.12	2.12	2.08	2.12	54973
20/03/2015 16:00:00	2.11	2.12	2.06	2.1	40343
23/03/2015 16:00:00	2.09	2.1	2.05	2.1	26468
24/03/2015 16:00:00	2.08	2.1	2	2.01	186464
25/03/2015 16:00:00	2.05	2.1	2.05	2.06	201303
26/03/2015 16:00:00	2.07	2.09	2.04	2.05	45792
27/03/2015 16:00:00	2.09	2.12	2.04	2.09	94214
30/03/2015 16:00:00	2.09	2.11	2.07	2.1	25782
31/03/2015 16:00:00	2.1	2.1	2.07	2.1	21108
01/04/2015 16:00:00	2.12	2.12	2.06	2.1	43869
02/04/2015 16:00:00	2.09	2.1	2.04	2.06	60437
06/04/2015 16:00:00	2.06	2.09	2.03	2.04	25411
07/04/2015 16:00:00	2.05	2.09	2.05	2.09	5340
08/04/2015 16:00:00	2.08	2.08	2.04	2.05	32954
09/04/2015 16:00:00	2.04	2.09	2.03	2.05	19541
10/04/2015 16:00:00	2.08	2.08	2.03	2.07	17804
13/04/2015 16:00:00	2.04	2.07	2.02	2.02	20344
14/04/2015 16:00:00	2.02	2.06	2.02	2.04	28667
15/04/2015 16:00:00	2.06	2.06	2	2.06	81729
16/04/2015 16:00:00	2.05	2.06	2.02	2.04	17740
17/04/2015 16:00:00	2.04	2.05	2.02	2.04	41601
20/04/2015 16:00:00	2.03	2.06	2.02	2.02	145326
21/04/2015 16:00:00	2.04	2.06	2.03	2.04	34426
22/04/2015 16:00:00	2.03	2.04	2	2.02	55547
23/04/2015 16:00:00	2.01	2.04	2	2.02	35462
24/04/2015 16:00:00	2.03	2.05	2.02	2.05	44728
27/04/2015 16:00:00	2.02	2.05	1.98	2	137754
28/04/2015 16:00:00	2.02	2.02	1.96	2	66581
29/04/2015 16:00:00	1.98	2	1.92	1.97	112955
30/04/2015 16:00:00	2	2.02	1.96	2.01	50275
01/05/2015 16:00:00	2	2.02	1.98	2	35397
04/05/2015 16:00:00	1.99	2	1.96	2	30563
05/05/2015 16:00:00	2	2	1.96	1.98	18056
06/05/2015 16:00:00	1.98	1.98	1.93	1.95	84183
07/05/2015 16:00:00	1.93	1.97	1.93	1.94	33893
08/05/2015 16:00:00	1.9	1.98	1.9	1.98	92730
11/05/2015 16:00:00	1.95	1.97	1.93	1.96	31224
12/05/2015 16:00:00	1.94	1.98	1.93	1.98	66174
13/05/2015 16:00:00	1.97	1.97	1.92	1.94	66544
14/05/2015 16:00:00	1.96	2	1.95	1.99	28513
15/05/2015 16:00:00	1.96	1.96	1.91	1.93	97379
19/05/2015 16:00:00	1.92	1.93	1.89	1.91	98325
20/05/2015 16:00:00	1.93	1.93	1.9	1.91	64499
21/05/2015 16:00:00	1.92	1.94	1.91	1.94	61180
22/05/2015 16:00:00	1.93	1.93	1.92	1.93	128211
25/05/2015 16:00:00	1.92	1.93	1.91	1.93	19176
26/05/2015 16:00:00	1.93	1.93	1.91	1.91	20675
27/05/2015 16:00:00	1.9	1.93	1.88	1.9	49184
28/05/2015 16:00:00	1.94	1.94	1.9	1.93	24875
29/05/2015 16:00:00	1.9	1.93	1.9	1.9	51521
01/06/2015 16:00:00	1.9	1.93	1.82	1.87	91552
02/06/2015 16:00:00	1.84	1.86	1.83	1.85	50680
03/06/2015 16:00:00	1.84	1.84	1.8	1.81	59728
04/06/2015 16:00:00	1.81	1.82	1.79	1.8	38519
05/06/2015 16:00:00	1.8	1.82	1.78	1.82	31896
08/06/2015 16:00:00	1.81	1.82	1.77	1.77	70417
09/06/2015 16:00:00	1.8	1.85	1.79	1.84	14913
10/06/2015 16:00:00	1.83	1.83	1.8	1.82	43867
11/06/2015 16:00:00	1.84	1.87	1.83	1.87	103465
12/06/2015 16:00:00	1.86	1.86	1.83	1.84	44510
15/06/2015 16:00:00	1.82	1.85	1.76	1.78	57459
16/06/2015 16:00:00	1.84	1.84	1.8	1.8	37368
17/06/2015 16:00:00	1.81	1.83	1.8	1.8	28658
18/06/2015 16:00:00	1.81	1.81	1.78	1.79	33196
19/06/2015 16:00:00	1.83	1.83	1.77	1.77	56096
23/06/2015 16:00:00	1.79	1.8	1.77	1.8	22472
24/06/2015 16:00:00	1.82	2.15	1.8	2.05	1432995
25/06/2015 16:00:00	2.08	2.11	1.99	1.99	449086
26/06/2015 16:00:00	2	2.05	1.96	1.96	182760
29/06/2015 16:00:00	1.97	1.98	1.94	1.97	119463
30/06/2015 16:00:00	2.06	2.07	1.92	1.92	171953
02/07/2015 16:00:00	1.95	2	1.92	1.97	98339
03/07/2015 16:00:00	2	2	1.9	1.96	95773
06/07/2015 16:00:00	1.96	2	1.94	1.94	56380
07/07/2015 16:00:00	1.94	1.94	1.86	1.92	130755
08/07/2015 16:00:00	1.93	1.93	1.86	1.86	66478
09/07/2015 16:00:00	1.91	1.91	1.88	1.91	133047
10/07/2015 16:00:00	1.92	1.95	1.91	1.95	37077
13/07/2015 16:00:00	1.95	1.97	1.92	1.93	80769
14/07/2015 16:00:00	1.96	1.98	1.94	1.94	46816
15/07/2015 16:00:00	1.95	1.95	1.92	1.95	41136
16/07/2015 16:00:00	1.94	1.95	1.92	1.93	62229
17/07/2015 16:00:00	1.94	1.94	1.92	1.92	43841
20/07/2015 16:00:00	1.95	1.96	1.94	1.96	45553
21/07/2015 16:00:00	1.98	1.98	1.9	1.9	53538
22/07/2015 16:00:00	1.95	1.96	1.93	1.96	24813
23/07/2015 16:00:00	1.96	1.96	1.9	1.93	64885
24/07/2015 16:00:00	1.96	1.97	1.93	1.93	19862
27/07/2015 16:00:00	1.95	1.96	1.94	1.94	23872
28/07/2015 16:00:00	1.96	2	1.93	2	64558
29/07/2015 16:00:00	2	2	1.97	1.99	77970
30/07/2015 16:00:00	2	2.01	1.96	1.99	49379
31/07/2015 16:00:00	2.01	2.01	1.97	2	24967
04/08/2015 16:00:00	2.01	2.01	1.98	2	28678
05/08/2015 16:00:00	2	2	1.94	1.96	149508
06/08/2015 16:00:00	1.98	1.98	1.87	1.91	103140
07/08/2015 16:00:00	1.9	1.94	1.75	1.91	118525
10/08/2015 16:00:00	1.91	1.91	1.85	1.85	64110
11/08/2015 16:00:00	1.89	1.89	1.83	1.87	31912
12/08/2015 16:00:00	1.87	1.87	1.82	1.84	80955
13/08/2015 16:00:00	1.86	1.87	1.8	1.86	41908
14/08/2015 16:00:00	1.89	1.89	1.85	1.86	50569
17/08/2015 16:00:00	1.86	1.86	1.84	1.86	40485
18/08/2015 16:00:00	1.86	1.87	1.83	1.83	51683
19/08/2015 16:00:00	1.83	1.83	1.78	1.82	60803
20/08/2015 16:00:00	1.82	1.82	1.75	1.78	112703
21/08/2015 16:00:00	1.78	1.78	1.67	1.68	97713
24/08/2015 16:00:00	1.66	1.66	1.15	1.51	331948
25/08/2015 16:00:00	1.62	1.65	1.55	1.63	131752
26/08/2015 16:00:00	1.65	1.65	1.6	1.6	63405
27/08/2015 16:00:00	1.64	1.65	1.58	1.63	102376
28/08/2015 16:00:00	1.7	1.7	1.6	1.64	133014
31/08/2015 16:00:00	1.68	1.71	1.64	1.64	202613
01/09/2015 16:00:00	1.65	1.65	1.58	1.6	118629
02/09/2015 16:00:00	1.6	1.6	1.5	1.57	72202
03/09/2015 16:00:00	1.55	1.6	1.55	1.58	67047
04/09/2015 16:00:00	1.52	1.73	1.52	1.56	262052
08/09/2015 16:00:00	1.6	1.67	1.54	1.64	212392
09/09/2015 16:00:00	1.64	1.64	1.59	1.59	247872
10/09/2015 16:00:00	1.61	1.62	1.58	1.59	198892
11/09/2015 16:00:00	1.6	1.6	1.56	1.59	62903
14/09/2015 16:00:00	1.6	1.62	1.59	1.59	98369
15/09/2015 16:00:00	1.6	1.72	1.59	1.7	168292
16/09/2015 16:00:00	1.76	1.94	1.75	1.84	348771
17/09/2015 16:00:00	1.83	1.85	1.8	1.8	306734
18/09/2015 16:00:00	1.82	1.83	1.75	1.83	201644
21/09/2015 16:00:00	1.9	1.9	1.8	1.81	203340
22/09/2015 16:00:00	1.8	1.83	1.75	1.83	65687
23/09/2015 16:00:00	1.85	1.85	1.79	1.85	94375
24/09/2015 16:00:00	1.8	1.8	1.73	1.73	130364
25/09/2015 16:00:00	1.77	1.79	1.72	1.73	62362
28/09/2015 16:00:00	1.75	1.75	1.64	1.65	81589
29/09/2015 16:00:00	1.65	1.65	1.53	1.58	321967
30/09/2015 16:00:00	1.63	1.67	1.58	1.62	133133
01/10/2015 16:00:00	1.65	1.65	1.6	1.62	116131
02/10/2015 16:00:00	1.62	1.62	1.58	1.58	81296
05/10/2015 16:00:00	1.62	1.69	1.61	1.69	168198
06/10/2015 16:00:00	1.71	1.8	1.7	1.76	114860
07/10/2015 16:00:00	1.74	1.74	1.69	1.7	188209
08/10/2015 16:00:00	1.73	1.78	1.7	1.77	116994
09/10/2015 16:00:00	1.78	1.78	1.68	1.69	182758
13/10/2015 16:00:00	1.74	1.78	1.72	1.75	244434
14/10/2015 16:00:00	1.75	1.92	1.75	1.89	617351
15/10/2015 16:00:00	1.9	2.03	1.9	1.98	744739
16/10/2015 16:00:00	2.01	2.03	1.99	2	484734
19/10/2015 16:00:00	2.1	2.21	2.1	2.18	1060808
20/10/2015 16:00:00	2.64	2.64	1.99	2	4197340
21/10/2015 16:00:00	2.1	2.22	2.06	2.15	1958146
22/10/2015 16:00:00	2.25	2.46	2.24	2.42	2092525
23/10/2015 16:00:00	2.4	2.4	2.12	2.24	2890897
26/10/2015 16:00:00	2.34	2.37	2.27	2.36	1301025
27/10/2015 16:00:00	2.44	2.58	2.43	2.58	2039561
28/10/2015 16:00:00	2.58	2.59	2.5	2.57	1426861
29/10/2015 16:00:00	2.57	2.59	2.45	2.52	1205761
30/10/2015 16:00:00	2.55	2.73	2.52	2.72	1990922
02/11/2015 16:00:00	2.88	2.93	2.81	2.9	2939827
03/11/2015 16:00:00	2.99	3.23	2.93	3.18	3342168
04/11/2015 16:00:00	3.25	3.48	3.23	3.48	3439915
05/11/2015 16:00:00	3.69	3.69	3.05	3.15	4756447
06/11/2015 16:00:00	3.17	3.17	2.5	2.65	5299198
09/11/2015 16:00:00	2.65	2.83	2.53	2.71	1850003
10/11/2015 16:00:00	2.76	2.79	2.6	2.63	911799
11/11/2015 16:00:00	2.64	2.64	2.41	2.41	1415477
12/11/2015 16:00:00	2.25	2.32	2.15	2.17	1964486
13/11/2015 16:00:00	2.15	2.36	2.05	2.2	2660194
16/11/2015 16:00:00	2.28	2.44	2.25	2.44	1522727
18/11/2015 16:00:00	2.63	2.65	2.46	2.49	1861625
19/11/2015 16:00:00	2.46	2.47	2.32	2.37	920948
24/11/2015 16:00:00	2.4	2.47	2.38	2.41	542277
25/11/2015 16:00:00	2.44	2.46	2.4	2.45	403943
26/11/2015 16:00:00	2.57	2.88	2.57	2.82	2267471
27/11/2015 16:00:00	2.82	2.94	2.66	2.66	2091667
30/11/2015 16:00:00	2.74	2.84	2.71	2.75	980062
01/12/2015 16:00:00	2.81	2.83	2.75	2.79	598421
02/12/2015 16:00:00	2.79	2.8	2.74	2.77	636723
03/12/2015 16:00:00	2.79	2.79	2.67	2.77	301651
04/12/2015 16:00:00	2.73	2.87	2.72	2.85	766724
07/12/2015 16:00:00	2.97	3.02	2.87	2.95	1708746
09/12/2015 16:00:00	2.78	2.85	2.73	2.8	478402
10/12/2015 16:00:00	2.8	2.83	2.78	2.8	257381
11/12/2015 16:00:00	2.77	2.79	2.72	2.72	311842
14/12/2015 16:00:00	2.76	2.8	2.72	2.77	267600
15/12/2015 16:00:00	2.8	2.83	2.78	2.8	283595
16/12/2015 16:00:00	2.85	2.85	2.8	2.83	227788
17/12/2015 16:00:00	2.84	2.87	2.8	2.81	214574
18/12/2015 16:00:00	2.84	2.85	2.78	2.83	240155
21/12/2015 16:00:00	2.86	2.86	2.8	2.84	252807
22/12/2015 16:00:00	2.82	2.85	2.82	2.83	88335
23/12/2015 16:00:00	2.85	2.86	2.83	2.86	176608
24/12/2015 16:00:00	2.88	2.95	2.86	2.95	230602
29/12/2015 16:00:00	2.95	2.98	2.91	2.92	446834
30/12/2015 16:00:00	2.92	2.95	2.91	2.94	245875
31/12/2015 16:00:00	2.97	2.97	2.94	2.97	282927
04/01/2016 16:00:00	2.97	2.97	2.9	2.9	555613
05/01/2016 16:00:00	2.89	2.91	2.86	2.9	181598
07/01/2016 16:00:00	2.73	2.73	2.45	2.55	1049452
11/01/2016 16:00:00	2.83	2.9	2.82	2.86	633621
12/01/2016 16:00:00	2.87	2.93	2.83	2.83	389027
13/01/2016 16:00:00	2.87	2.87	2.8	2.82	217585
14/01/2016 16:00:00	2.79	2.79	2.65	2.77	494373
15/01/2016 16:00:00	2.69	2.72	2.66	2.69	366508
18/01/2016 16:00:00	2.73	2.73	2.62	2.7	209445
19/01/2016 16:00:00	2.71	2.72	2.63	2.72	591507
20/01/2016 16:00:00	2.69	2.69	2.55	2.69	575219
21/01/2016 16:00:00	2.67	2.74	2.65	2.69	299981
22/01/2016 16:00:00	2.72	2.77	2.7	2.74	284940
25/01/2016 16:00:00	2.74	2.75	2.65	2.68	198271
26/01/2016 16:00:00	2.7	2.7	2.65	2.66	230965
27/01/2016 16:00:00	2.69	2.71	2.64	2.65	359160
28/01/2016 16:00:00	2.66	2.7	2.66	2.67	132531
29/01/2016 16:00:00	2.69	2.7	2.66	2.68	259231
01/02/2016 16:00:00	2.7	2.7	2.63	2.69	276943
02/02/2016 16:00:00	2.66	2.67	2.63	2.65	216108
03/02/2016 16:00:00	2.67	2.68	2.65	2.65	145841
04/02/2016 16:00:00	2.67	2.68	2.64	2.66	176755
05/02/2016 16:00:00	2.66	2.66	2.61	2.64	339520
08/02/2016 16:00:00	2.64	2.64	2.48	2.54	385354
09/02/2016 16:00:00	2.5	2.63	2.47	2.6	317308
10/02/2016 16:00:00	2.62	2.67	2.59	2.61	186856
11/02/2016 16:00:00	2.62	2.62	2.55	2.57	171480
12/02/2016 16:00:00	2.8	2.8	2.68	2.72	592256
16/02/2016 16:00:00	2.76	2.8	2.74	2.77	362754
17/02/2016 16:00:00	2.77	2.79	2.76	2.77	310643
18/02/2016 16:00:00	2.79	2.8	2.75	2.8	313161
19/02/2016 16:00:00	2.8	2.84	2.75	2.75	420561
22/02/2016 16:00:00	2.8	2.93	2.78	2.93	514709
23/02/2016 16:00:00	2.93	3.3	2.9	3.15	2111425
24/02/2016 16:00:00	3.3	3.35	2.78	2.96	3509178
25/02/2016 16:00:00	2.8	2.9	2.73	2.87	1055362
26/02/2016 16:00:00	2.89	2.91	2.86	2.9	755541
29/02/2016 16:00:00	2.93	2.95	2.9	2.95	292716
01/03/2016 16:00:00	2.99	3	2.97	2.98	399969
02/03/2016 16:00:00	3.04	3.04	2.98	2.98	421420
03/03/2016 16:00:00	3	3	2.88	2.92	380475
04/03/2016 16:00:00	2.97	2.98	2.91	2.95	264027
07/03/2016 16:00:00	2.95	2.97	2.93	2.93	214431
08/03/2016 16:00:00	2.93	2.94	2.85	2.88	282062
09/03/2016 16:00:00	2.9	2.9	2.79	2.85	316527
10/03/2016 16:00:00	2.84	2.88	2.83	2.83	114324
11/03/2016 16:00:00	2.85	2.86	2.78	2.8	559955
14/03/2016 16:00:00	2.82	2.84	2.72	2.75	453049
15/03/2016 16:00:00	2.75	2.76	2.62	2.69	698959
16/03/2016 16:00:00	2.68	2.68	2.56	2.62	816550
17/03/2016 16:00:00	2.67	2.78	2.65	2.69	79605
18/03/2016 16:00:00	2.72	2.74	2.67	2.73	207746
21/03/2016 16:00:00	2.78	2.8	2.69	2.7	324625
22/03/2016 16:00:00	2.73	2.73	2.68	2.69	199013
23/03/2016 16:00:00	2.52	2.61	2.45	2.54	1628339
24/03/2016 16:00:00	2.54	2.62	2.5	2.6	348000
28/03/2016 16:00:00	2.63	2.65	2.58	2.59	245417
29/03/2016 16:00:00	2.62	2.64	2.53	2.55	377428
30/03/2016 16:00:00	2.6	2.6	2.55	2.56	173438
31/03/2016 16:00:00	2.6	2.64	2.6	2.61	257695
01/04/2016 16:00:00	2.63	2.64	2.59	2.59	229393
04/04/2016 16:00:00	2.62	2.63	2.57	2.58	190829
06/04/2016 16:00:00	2.54	2.57	2.51	2.53	201063
07/04/2016 16:00:00	2.54	2.54	2.48	2.48	354956
08/04/2016 16:00:00	2.48	2.48	2.4	2.44	1120478
11/04/2016 16:00:00	2.47	2.5	2.44	2.49	304877
12/04/2016 16:00:00	2.53	2.59	2.47	2.49	397005
13/04/2016 16:00:00	2.49	2.51	2.47	2.47	255727
14/04/2016 16:00:00	2.51	2.54	2.46	2.46	357441
15/04/2016 16:00:00	2.48	2.48	2.43	2.45	489294
18/04/2016 16:00:00	2.47	2.47	2.41	2.43	343838
19/04/2016 16:00:00	2.45	2.55	2.44	2.55	511242
20/04/2016 16:00:00	2.6	2.9	2.58	2.79	2044206
21/04/2016 16:00:00	2.95	2.98	2.76	2.79	1676574
22/04/2016 16:00:00	2.75	2.76	2.62	2.69	645242
25/04/2016 16:00:00	2.69	2.69	2.62	2.68	351126
26/04/2016 16:00:00	2.68	2.7	2.62	2.65	315252
27/04/2016 16:00:00	2.68	2.69	2.62	2.62	302349
28/04/2016 16:00:00	2.6	2.62	2.57	2.6	317893
29/04/2016 16:00:00	2.58	2.6	2.55	2.6	334586
02/05/2016 16:00:00	2.65	2.65	2.57	2.6	241015
03/05/2016 16:00:00	2.6	2.6	2.57	2.59	190514
04/05/2016 16:00:00	2.6	2.6	2.56	2.56	217605
05/05/2016 16:00:00	2.58	2.58	2.54	2.57	276439
06/05/2016 16:00:00	2.57	2.57	2.53	2.55	226873
09/05/2016 16:00:00	2.56	2.62	2.54	2.57	274084
10/05/2016 16:00:00	2.58	2.67	2.58	2.64	282890
11/05/2016 16:00:00	2.66	2.67	2.6	2.65	357642
12/05/2016 16:00:00	2.65	2.65	2.59	2.6	184126
13/05/2016 16:00:00	2.61	2.62	2.59	2.61	178125
16/05/2016 16:00:00	2.63	2.65	2.6	2.61	241802
17/05/2016 16:00:00	2.64	2.65	2.6	2.61	440377
18/05/2016 16:00:00	2.62	2.63	2.59	2.6	327622
19/05/2016 16:00:00	2.61	2.62	2.59	2.6	325646
20/05/2016 16:00:00	2.61	2.61	2.58	2.59	194799
24/05/2016 16:00:00	2.62	2.64	2.58	2.58	267125
25/05/2016 16:00:00	2.59	2.6	2.57	2.57	193696
26/05/2016 16:00:00	2.59	2.6	2.56	2.58	130846
27/05/2016 16:00:00	2.6	2.61	2.56	2.56	344210
30/05/2016 16:00:00	2.59	2.6	2.56	2.57	170707
31/05/2016 16:00:00	2.58	2.59	2.56	2.59	159795
01/06/2016 16:00:00	2.57	2.6	2.57	2.6	78074
02/06/2016 16:00:00	2.6	2.64	2.59	2.63	205832
03/06/2016 16:00:00	2.64	2.64	2.6	2.63	121697
06/06/2016 16:00:00	2.64	2.64	2.6	2.61	154800
07/06/2016 16:00:00	2.62	2.62	2.59	2.59	364854
08/06/2016 16:00:00	2.61	2.64	2.59	2.62	565397
09/06/2016 16:00:00	2.65	2.7	2.6	2.61	600210
10/06/2016 16:00:00	2.63	2.67	2.6	2.6	274033
13/06/2016 16:00:00	2.63	2.63	2.59	2.6	200955
14/06/2016 16:00:00	2.61	2.62	2.6	2.6	129664
15/06/2016 16:00:00	2.62	2.63	2.6	2.61	72954
16/06/2016 16:00:00	2.62	2.62	2.6	2.62	124403
17/06/2016 16:00:00	2.62	2.63	2.61	2.63	191420
20/06/2016 16:00:00	2.64	2.67	2.63	2.67	274312
21/06/2016 16:00:00	2.7	2.76	2.69	2.74	574233
22/06/2016 16:00:00	2.78	2.86	2.78	2.86	724157
23/06/2016 16:00:00	2.9	2.9	2.78	2.85	707247
24/06/2016 16:00:00	2.65	2.83	2.64	2.8	656707
27/06/2016 16:00:00	2.77	2.77	2.62	2.67	698789
28/06/2016 16:00:00	2.73	2.76	2.69	2.7	322829
29/06/2016 16:00:00	2.77	2.79	2.68	2.68	498299
30/06/2016 16:00:00	2.76	2.8	2.73	2.75	1018874
04/07/2016 16:00:00	2.83	2.83	2.73	2.76	348462
05/07/2016 16:00:00	2.76	2.81	2.76	2.8	342133
06/07/2016 16:00:00	2.8	2.8	2.78	2.79	247557
07/07/2016 16:00:00	2.8	2.81	2.78	2.79	182293
08/07/2016 16:00:00	2.79	2.8	2.76	2.78	136989
11/07/2016 16:00:00	2.79	2.79	2.76	2.76	183136
12/07/2016 16:00:00	2.77	2.79	2.76	2.76	164678
13/07/2016 16:00:00	2.75	2.75	2.73	2.74	190266
14/07/2016 16:00:00	2.73	2.75	2.73	2.74	194968
15/07/2016 16:00:00	2.73	2.76	2.73	2.73	348879
18/07/2016 16:00:00	2.75	2.76	2.72	2.72	166148
19/07/2016 16:00:00	2.74	2.75	2.72	2.74	194270
20/07/2016 16:00:00	2.76	2.76	2.73	2.74	166431
21/07/2016 16:00:00	2.73	2.75	2.72	2.72	244567
22/07/2016 16:00:00	2.74	2.83	2.73	2.83	612503
25/07/2016 16:00:00	2.93	3.25	2.92	3.24	3776464
26/07/2016 16:00:00	3.5	3.53	3.07	3.2	3641962
27/07/2016 16:00:00	3.26	3.3	3.02	3.04	1478470
28/07/2016 16:00:00	3.07	3.2	2.97	3.12	1374457
29/07/2016 16:00:00	3.15	3.19	3.13	3.15	663317
02/08/2016 16:00:00	3.2	3.29	3.17	3.28	1301895
03/08/2016 16:00:00	3.4	3.59	3.36	3.59	2777845
04/08/2016 16:00:00	3.67	3.98	3.61	3.85	4469576
05/08/2016 16:00:00	4	4.2	3.93	4.13	4385388
08/08/2016 16:00:00	4.2	4.23	3.78	3.89	4780922
09/08/2016 16:00:00	4	4.05	3.91	4.03	1870596
10/08/2016 16:00:00	4.08	4.17	4.02	4.15	1339533
11/08/2016 16:00:00	4.19	4.24	3.9	4.05	3996630
12/08/2016 16:00:00	3.95	4	3.83	3.94	2315194
15/08/2016 16:00:00	3.9	3.93	3.86	3.87	714154
16/08/2016 16:00:00	3.87	4	3.83	3.92	952617
17/08/2016 16:00:00	3.97	3.99	3.93	3.96	533003
18/08/2016 16:00:00	3.98	3.98	3.92	3.93	519785
19/08/2016 16:00:00	3.94	3.94	3.86	3.86	568042
22/08/2016 16:00:00	3.85	3.89	3.65	3.78	1207190
23/08/2016 16:00:00	3.75	3.85	3.69	3.82	1146133
24/08/2016 16:00:00	3.84	3.84	3.76	3.82	707747
25/08/2016 16:00:00	3.85	3.88	3.8	3.83	588157
26/08/2016 16:00:00	3.87	3.88	3.79	3.85	710170
29/08/2016 16:00:00	3.86	3.86	3.78	3.79	770452
30/08/2016 16:00:00	3.82	3.82	3.75	3.77	508647
31/08/2016 16:00:00	3.78	3.78	3.71	3.71	699806
01/09/2016 16:00:00	3.74	3.79	3.73	3.77	430115
02/09/2016 16:00:00	3.79	3.84	3.78	3.81	574415
06/09/2016 16:00:00	3.86	3.89	3.84	3.85	918143
07/09/2016 16:00:00	3.9	3.99	3.89	3.98	1364341
08/09/2016 16:00:00	4.02	4.04	3.91	3.95	1250316
09/09/2016 16:00:00	3.95	3.96	3.85	3.89	842957
12/09/2016 16:00:00	3.83	3.87	3.8	3.86	518176
13/09/2016 16:00:00	3.85	3.87	3.83	3.86	417292
14/09/2016 16:00:00	3.83	3.87	3.83	3.85	362667
15/09/2016 16:00:00	3.9	3.96	3.86	3.95	820016
16/09/2016 16:00:00	3.98	3.99	3.95	3.97	755223
19/09/2016 16:00:00	4	4.1	3.96	4.03	1071044
20/09/2016 16:00:00	4.09	4.1	4	4.02	838562
21/09/2016 16:00:00	4.06	4.06	3.94	3.95	661247
22/09/2016 16:00:00	3.98	3.98	3.92	3.95	706508
23/09/2016 16:00:00	3.98	3.98	3.91	3.91	821455
26/09/2016 16:00:00	3.93	3.98	3.93	3.98	487285
27/09/2016 16:00:00	4	4.04	3.98	3.99	591464
28/09/2016 16:00:00	4.03	4.03	3.99	3.99	537238
29/09/2016 16:00:00	4	4.01	3.98	3.99	429825
30/09/2016 16:00:00	4	4.05	3.99	4.04	555947
03/10/2016 16:00:00	4.07	4.24	4.06	4.24	1331687
04/10/2016 16:00:00	4.33	4.63	4.33	4.55	2825901
05/10/2016 16:00:00	4.66	5	4.6	4.98	2986314
06/10/2016 16:00:00	5.14	5.85	4.55	4.89	7671365
07/10/2016 16:00:00	4.95	5.3	4.72	5.28	3697516
11/10/2016 16:00:00	5.6	5.65	5.33	5.62	3853437
12/10/2016 16:00:00	5.7	5.8	5.31	5.48	4344037
13/10/2016 16:00:00	5.49	5.53	5.28	5.46	1724027
14/10/2016 16:00:00	5.46	5.59	5.44	5.58	1402833
17/10/2016 16:00:00	5.65	5.97	5.63	5.9	3442862
18/10/2016 16:00:00	6.15	6.64	6.01	6.59	6786556
19/10/2016 16:00:00	6.76	7.08	6.17	7.06	7401063
20/10/2016 16:00:00	7.14	7.35	7.03	7.22	7057987
21/10/2016 16:00:00	7.11	7.11	6.38	6.82	5634802
24/10/2016 16:00:00	6.55	6.78	6.32	6.47	6494462
25/10/2016 16:00:00	6.36	6.45	5.63	5.91	9216099
26/10/2016 16:00:00	5.75	6.39	5.54	6.27	6305331
27/10/2016 16:00:00	6.57	6.7	6.13	6.34	4170441
28/10/2016 16:00:00	6.42	6.49	6.15	6.35	1727154
31/10/2016 16:00:00	6.42	6.55	6.28	6.55	1956021
01/11/2016 16:00:00	6.76	7	6.62	7	4026254
02/11/2016 16:00:00	7.2	7.33	6.88	7.08	4814844
03/11/2016 16:00:00	6.98	7.08	6.82	6.93	2157710
04/11/2016 16:00:00	6.9	7	6.55	6.89	2828252
07/11/2016 16:00:00	7.1	7.3	7.06	7.25	3747239
08/11/2016 16:00:00	7.31	7.75	7.3	7.75	5335803
09/11/2016 16:00:00	7.25	8.35	7.06	8.29	7385268
10/11/2016 16:00:00	8.5	9.19	8.4	9.08	7731598
11/11/2016 16:00:00	9.29	9.98	9.11	9.34	9092326
14/11/2016 16:00:00	9.94	11.64	9.62	11.16	12381167
15/11/2016 16:00:00	12.34	13.65	11.66	13.45	12926809
16/11/2016 16:00:00	13.84	17.86	9.75	11.4	24316075
17/11/2016 16:00:00	12.38	13.25	11.52	13.06	10207655
18/11/2016 16:00:00	13.49	14.04	11.8	12.6	8853959
21/11/2016 16:00:00	12	12.45	10.26	10.48	9399523
22/11/2016 16:00:00	9.26	10	7.95	8.25	15814737
23/11/2016 16:00:00	7.7	10.46	7.65	10.44	11331472
24/11/2016 16:00:00	11.55	11.8	10.45	10.75	8661896
25/11/2016 16:00:00	10.79	10.87	10.18	10.6	3535860
28/11/2016 16:00:00	10.95	11.29	10.72	11.22	4619017
29/11/2016 16:00:00	11.41	11.47	10.82	11.29	4087685
30/11/2016 16:00:00	11.2	11.8	11	11.8	5011108
01/12/2016 16:00:00	12.19	12.47	11.1	11.35	7314858
02/12/2016 16:00:00	11.67	11.8	11.14	11.35	3666013
05/12/2016 16:00:00	11	11.25	10.61	10.8	3522228
06/12/2016 16:00:00	10.65	10.7	9.78	10.02	5042833
07/12/2016 16:00:00	9.7	10.78	9.6	10.7	4479540
08/12/2016 16:00:00	10.89	10.9	9.99	10.02	3506152
09/12/2016 16:00:00	10.02	10.39	9.77	9.89	3257970
12/12/2016 16:00:00	9.94	10.16	9.75	10	2118199
13/12/2016 16:00:00	10.36	10.79	10.08	10.79	6288077
14/12/2016 16:00:00	11.17	11.17	10.15	10.3	5088285
15/12/2016 16:00:00	10.25	10.64	10	10.29	2412143
16/12/2016 16:00:00	10.3	10.31	10.03	10.04	1959811
19/12/2016 16:00:00	10.03	10.08	9.42	9.57	3585256
20/12/2016 16:00:00	9.27	9.44	8.51	9.25	5677815
21/12/2016 16:00:00	9.18	9.25	8.86	8.89	1754219
22/12/2016 16:00:00	8.75	9.5	8.72	9.31	3003851
23/12/2016 16:00:00	9.37	9.53	9.3	9.35	1321731
28/12/2016 16:00:00	9.6	9.63	9.27	9.3	1639837
29/12/2016 16:00:00	9.26	9.28	8.95	9.09	1311618
30/12/2016 16:00:00	9.1	9.28	9.05	9.14	870577
03/01/2017 16:00:00	9.25	9.47	9.15	9.39	1193071
04/01/2017 16:00:00	9.49	10.16	9.45	10.16	2586983
05/01/2017 16:00:00	10.2	10.39	9.71	9.88	2970960
06/01/2017 16:00:00	9.91	9.97	9.65	9.78	1345381
09/01/2017 16:00:00	9.85	10.09	9.79	9.92	1572612
10/01/2017 16:00:00	9.96	10	9.72	9.77	1170834
11/01/2017 16:00:00	9.87	9.89	9.61	9.75	972402
12/01/2017 16:00:00	9.78	9.78	9.41	9.67	1093541
13/01/2017 16:00:00	9.63	9.79	9.55	9.7	743486
16/01/2017 16:00:00	9.75	9.9	9.65	9.88	767927
17/01/2017 16:00:00	9.97	10.04	9.88	9.98	1258298
18/01/2017 16:00:00	10	10	9.72	9.78	938244
19/01/2017 16:00:00	9.78	9.84	9.67	9.7	623800
20/01/2017 16:00:00	9.8	10.1	9.66	10.09	932557
23/01/2017 16:00:00	10.12	10.4	10.07	10.36	2093703
24/01/2017 16:00:00	10.35	10.48	10.04	10.18	1897754
25/01/2017 16:00:00	10.07	10.22	9.92	10.06	1120836
26/01/2017 16:00:00	10.05	10.11	9.96	10	742108
27/01/2017 16:00:00	10	10.02	9.9	9.92	868680
30/01/2017 16:00:00	9.85	9.9	9.72	9.82	982630
31/01/2017 16:00:00	9.9	10.02	9.8	9.85	1196970
01/02/2017 16:00:00	10.21	10.25	9.98	10.05	1348600
02/02/2017 16:00:00	10.2	10.22	10.06	10.16	906064
03/02/2017 16:00:00	10.22	10.52	10.17	10.52	2077104
06/02/2017 16:00:00	10.63	11.64	10.52	11.63	5709784
07/02/2017 16:00:00	11.6	12.27	11.3	11.47	8960691
08/02/2017 16:00:00	11.54	11.99	11.54	11.93	3436944
09/02/2017 16:00:00	12.1	12.18	11.92	12.06	3332899
10/02/2017 16:00:00	12.15	12.43	12.11	12.4	2962192
13/02/2017 16:00:00	12.63	13.25	12.55	13	6676089
14/02/2017 16:00:00	13.25	13.3	11.5	11.95	8649948
15/02/2017 16:00:00	12.05	12.14	11.52	12.1	5537601
16/02/2017 16:00:00	12.25	12.7	12.16	12.55	4370636
17/02/2017 16:00:00	12.55	12.75	12.25	12.64	2229550
21/02/2017 16:00:00	12.78	12.88	12.65	12.8	1689259
22/02/2017 16:00:00	12.8	12.84	12.27	12.5	2849411
23/02/2017 16:00:00	12.61	12.63	12.27	12.28	1455426
24/02/2017 16:00:00	11.98	11.98	11.12	11.71	4882213
27/02/2017 16:00:00	11.75	12.4	11.4	12.39	3808205
28/02/2017 16:00:00	12.31	12.48	11.7	11.87	2956095
01/03/2017 16:00:00	11.93	12.17	11.78	11.9	1979872
02/03/2017 16:00:00	11.9	12.04	11.75	11.85	1637789
03/03/2017 16:00:00	11.92	12.05	11.69	11.8	1452155
06/03/2017 16:00:00	11.84	11.85	11.44	11.76	1798876
07/03/2017 16:00:00	11.4	11.58	10.76	10.92	5148935
08/03/2017 16:00:00	10.36	10.65	9.55	10.46	7153230
09/03/2017 16:00:00	10.39	11.08	10.24	11.07	2764198
10/03/2017 16:00:00	11.3	11.37	10.76	10.83	2067876
13/03/2017 16:00:00	11.2	11.28	10.98	11.13	1745098
14/03/2017 16:00:00	11.23	11.28	11.02	11.05	1338761
15/03/2017 16:00:00	11.09	11.09	10.82	10.88	1098482
16/03/2017 16:00:00	10.99	11.2	10.9	11.08	1082437
17/03/2017 16:00:00	11.18	11.19	10.66	10.66	8392510
20/03/2017 16:00:00	10.69	10.93	10.29	10.31	2493822
21/03/2017 16:00:00	10.4	10.4	9.81	9.85	3087704
22/03/2017 16:00:00	9.78	10	9.51	9.72	2998626
23/03/2017 16:00:00	10.04	10.23	9.91	10.16	2073889
24/03/2017 16:00:00	10.25	10.28	9.8	9.88	1563587
27/03/2017 16:00:00	11	11	10.45	10.98	5759482
28/03/2017 16:00:00	11.24	11.25	10.65	10.92	4988064
29/03/2017 16:00:00	10.87	10.94	10.65	10.76	1939266
30/03/2017 16:00:00	10.77	10.79	10.37	10.46	2348475
31/03/2017 16:00:00	10.3	10.65	10.18	10.65	1998840
03/04/2017 16:00:00	10.6	10.64	10.16	10.18	2918992
04/04/2017 16:00:00	10.19	10.25	9.96	10.05	3754040
05/04/2017 16:00:00	10.1	10.45	9.96	10.03	3246676
06/04/2017 16:00:00	10.05	10.3	9.95	10.3	2170743
07/04/2017 16:00:00	10.33	10.44	10.08	10.22	2975884
10/04/2017 16:00:00	10.3	10.94	10.06	10.87	6072364
11/04/2017 16:00:00	11.05	11.14	10.2	10.29	5432137
12/04/2017 16:00:00	10.38	10.47	10	10.31	3807010
13/04/2017 16:00:00	10.21	10.34	9.72	9.93	5382451
17/04/2017 16:00:00	9.91	9.93	9.51	9.61	2937186
18/04/2017 16:00:00	9.5	9.76	9.39	9.67	2972992
19/04/2017 16:00:00	9.82	10.37	9.77	10.24	3126411
20/04/2017 16:00:00	10.17	10.23	9.85	9.87	2172635
21/04/2017 16:00:00	9.98	10	9.85	9.89	1266669
24/04/2017 16:00:00	9.9	10.08	9.79	9.8	1106704
25/04/2017 16:00:00	9.83	9.87	9.36	9.48	2598594
26/04/2017 16:00:00	9.45	9.48	9.03	9.18	2207022
27/04/2017 16:00:00	9.09	9.14	8.86	8.86	2495638
28/04/2017 16:00:00	8.86	9.15	8.86	9.13	1801679
01/05/2017 16:00:00	9.17	9.25	9.08	9.15	1462851
02/05/2017 16:00:00	9.18	9.34	9.05	9.09	1149522
03/05/2017 16:00:00	9.19	9.25	9.1	9.15	660627
04/05/2017 16:00:00	9.19	9.2	8.96	9.1	1079414
05/05/2017 16:00:00	9.06	9.09	8.87	8.95	959765
08/05/2017 16:00:00	8.9	8.97	8.58	8.69	1668031
09/05/2017 16:00:00	8.72	8.79	8.21	8.3	2723219
10/05/2017 16:00:00	8.23	8.25	7.76	7.78	4074203
11/05/2017 16:00:00	7.51	8.58	7.37	8.53	4533378
12/05/2017 16:00:00	8.68	8.83	8.06	8.14	2266631
15/05/2017 16:00:00	8.19	8.43	8.06	8.26	1053941
16/05/2017 16:00:00	8.35	8.39	8.15	8.33	727005
17/05/2017 16:00:00	8.28	8.3	8.11	8.13	628065
18/05/2017 16:00:00	8.07	8.31	7.94	8.1	917003
19/05/2017 16:00:00	8.14	8.26	8.08	8.09	696581
23/05/2017 16:00:00	8.1	8.21	8.03	8.09	536794
24/05/2017 16:00:00	8.12	8.13	7.9	7.95	822678
25/05/2017 16:00:00	7.96	7.98	7.6	7.65	1216100
26/05/2017 16:00:00	7.6	8.15	7.53	8	1406088
29/05/2017 16:00:00	8.04	8.06	7.8	7.81	693953
30/05/2017 16:00:00	7.85	7.89	7.65	7.65	696904
31/05/2017 16:00:00	7.66	7.7	7.37	7.45	1380252
01/06/2017 16:00:00	7.3	7.69	7.3	7.57	797027
02/06/2017 16:00:00	7.53	7.66	7.43	7.5	520542
05/06/2017 16:00:00	7.5	7.52	7.2	7.34	1654718
06/06/2017 16:00:00	7.18	7.37	6.68	6.82	2904786
07/06/2017 16:00:00	6.65	7.34	6.58	7.16	3347261
08/06/2017 16:00:00	7.25	7.43	7.04	7.35	1411455
09/06/2017 16:00:00	7.35	8.05	7.22	7.84	2178943
12/06/2017 16:00:00	8	8.23	7.88	8.04	2048007
13/06/2017 16:00:00	8.09	8.24	7.71	7.76	1583768
14/06/2017 16:00:00	7.72	7.92	7.53	7.6	839206
15/06/2017 16:00:00	7.56	7.6	7.41	7.51	576764
16/06/2017 16:00:00	7.5	7.86	7.47	7.82	1009032
19/06/2017 16:00:00	7.95	8.07	7.83	7.95	889347
20/06/2017 16:00:00	7.91	7.98	7.74	7.9	410527
21/06/2017 16:00:00	7.9	8.2	7.86	8.2	957324
22/06/2017 16:00:00	8.3	8.59	8.25	8.56	1834801
23/06/2017 16:00:00	8.6	8.69	8.27	8.41	1253630
26/06/2017 16:00:00	8.69	8.81	8.35	8.46	1750282
27/06/2017 16:00:00	8.02	8.23	7.81	7.99	2072972
28/06/2017 16:00:00	7.97	8.31	7.8	8.18	1526168
29/06/2017 16:00:00	8.25	8.25	7.86	7.95	792997
30/06/2017 16:00:00	7.91	7.98	7.82	7.97	435718
04/07/2017 16:00:00	8.12	8.13	8.01	8.09	231025
05/07/2017 16:00:00	8.1	8.13	7.98	8.03	369351
06/07/2017 16:00:00	8	8.03	7.87	7.89	394005
07/07/2017 16:00:00	7.91	7.98	7.8	7.8	440674
10/07/2017 16:00:00	7.84	7.87	7.73	7.8	481469
11/07/2017 16:00:00	7.89	7.92	7.76	7.81	390756
12/07/2017 16:00:00	7.85	8.07	7.84	8.03	1083650
13/07/2017 16:00:00	7.96	8.03	7.84	7.86	932099
14/07/2017 16:00:00	7.86	7.94	7.82	7.83	353980
17/07/2017 16:00:00	7.9	8.28	7.87	8.21	1452537
18/07/2017 16:00:00	8.19	8.37	7.98	8.14	1353076
19/07/2017 16:00:00	8.18	8.44	8.18	8.36	975568
20/07/2017 16:00:00	8.39	8.45	8.2	8.25	763022
21/07/2017 16:00:00	8.19	8.27	8.15	8.27	429728
24/07/2017 16:00:00	8.29	8.63	8.29	8.58	1063187
25/07/2017 16:00:00	8.62	8.88	8.55	8.71	1629787
26/07/2017 16:00:00	8.8	9.21	8.76	9.15	1751471
27/07/2017 16:00:00	9.25	9.53	8.79	8.95	2718285
28/07/2017 16:00:00	8.94	9.25	8.87	9.15	1401433
31/07/2017 16:00:00	9.18	9.24	8.94	9.03	820443
01/08/2017 16:00:00	9.02	9.06	8.74	9.02	1119583
02/08/2017 16:00:00	8.96	9	8.8	9	604301
03/08/2017 16:00:00	8.99	8.99	8.81	8.82	550714
04/08/2017 16:00:00	8.82	9.06	8.8	8.88	688678
08/08/2017 16:00:00	9	9.21	8.91	9.05	1341063
09/08/2017 16:00:00	9.07	9.15	8.96	9.04	755200
10/08/2017 16:00:00	9.05	9.09	8.96	8.99	700853
11/08/2017 16:00:00	8.97	9.01	8.8	8.82	777706
14/08/2017 16:00:00	8.78	8.99	8.62	8.96	1370850
15/08/2017 16:00:00	9.01	9.04	8.83	8.91	679279
16/08/2017 16:00:00	8.93	8.93	8.78	8.91	556943
17/08/2017 16:00:00	8.86	8.93	8.82	8.85	457619
18/08/2017 16:00:00	8.83	8.88	8.73	8.76	501779
21/08/2017 16:00:00	8.69	8.72	8.37	8.51	986026
22/08/2017 16:00:00	8.5	8.7	8.36	8.68	739857
23/08/2017 16:00:00	8.78	8.96	8.71	8.95	712655
24/08/2017 16:00:00	8.97	9.05	8.66	8.84	829010
25/08/2017 16:00:00	8.88	8.88	8.77	8.84	377290
28/08/2017 16:00:00	8.77	8.95	8.77	8.9	519893
29/08/2017 16:00:00	8.91	8.91	8.79	8.85	362282
30/08/2017 16:00:00	8.85	8.88	8.8	8.85	520108
31/08/2017 16:00:00	8.87	8.96	8.82	8.96	648066
01/09/2017 16:00:00	8.99	9	8.91	8.93	317517
05/09/2017 16:00:00	8.95	9.01	8.94	9	438663
06/09/2017 16:00:00	9	9.18	8.99	9.1	965303
07/09/2017 16:00:00	9.13	9.16	9.01	9.01	474602
08/09/2017 16:00:00	9.13	9.49	9.1	9.18	2306304
11/09/2017 16:00:00	9.27	9.48	9.21	9.48	1643726
12/09/2017 16:00:00	9.55	10.15	9.53	10.1	2903705
13/09/2017 16:00:00	10.24	10.45	9.83	9.96	3526855
14/09/2017 16:00:00	10.05	10.19	9.83	10.06	1255722
15/09/2017 16:00:00	10.2	10.35	10.13	10.27	2916601
18/09/2017 16:00:00	10.37	10.59	10.28	10.56	2163269
19/09/2017 16:00:00	10.64	10.89	10.52	10.79	2769390
20/09/2017 16:00:00	10.81	10.87	10.53	10.64	2115053
21/09/2017 16:00:00	10.65	10.7	10.32	10.47	1523006
22/09/2017 16:00:00	10.45	10.45	10.22	10.44	1295554
25/09/2017 16:00:00	10.42	10.75	10.4	10.53	1291365
26/09/2017 16:00:00	10.58	10.63	10.49	10.57	708214
27/09/2017 16:00:00	10.63	10.83	10.61	10.77	1638287
28/09/2017 16:00:00	10.78	10.83	10.65	10.71	825366
29/09/2017 16:00:00	10.74	10.77	10.62	10.72	880172
02/10/2017 16:00:00	10.77	11.32	10.75	11.32	2305567
03/10/2017 16:00:00	11.39	11.77	11.21	11.41	3529727
04/10/2017 16:00:00	11.58	11.9	11.43	11.87	2740495
05/10/2017 16:00:00	11.98	12.74	11.88	12.67	5990795
06/10/2017 16:00:00	12.88	13.24	11.79	12.48	6301845
10/10/2017 16:00:00	12.84	12.93	12.5	12.83	3110344
11/10/2017 16:00:00	12.67	13.78	12.62	13.59	8349243
12/10/2017 16:00:00	13.59	13.75	12.85	13.07	6177124
13/10/2017 16:00:00	12.86	13.07	12.55	12.87	4449288
16/10/2017 16:00:00	13.12	13.33	12.99	13.13	3385043
17/10/2017 16:00:00	12.91	13.03	11.82	12.52	6930636
18/10/2017 16:00:00	12.37	12.47	12.01	12.25	2427652
19/10/2017 16:00:00	12.12	12.21	11.71	11.82	3845540
20/10/2017 16:00:00	11.93	12.89	11.93	12.76	3641151
23/10/2017 16:00:00	13.02	13.25	12.81	12.93	3606288
24/10/2017 16:00:00	13.09	13.13	12.65	12.93	1981799
25/10/2017 16:00:00	13.06	13.13	12.86	13.03	2100731
26/10/2017 16:00:00	13.05	13.1	12.89	12.95	987623
27/10/2017 16:00:00	12.96	12.99	12.68	12.79	1406219
30/10/2017 16:00:00	14.11	15.72	14.11	15.22	14701959
31/10/2017 16:00:00	15.49	17.07	15.29	16.18	18343222
01/11/2017 16:00:00	16.69	17.04	15.95	16.49	9681113
02/11/2017 16:00:00	16.6	16.61	15.89	16.13	4531020
03/11/2017 16:00:00	15.91	16.95	15.91	16.93	6581911
06/11/2017 16:00:00	17.27	19.41	17.13	19.37	14660336
07/11/2017 16:00:00	19.83	21.72	19.14	19.76	18149702
08/11/2017 16:00:00	20.12	21	19.06	19.69	13701557
09/11/2017 16:00:00	19.46	19.95	18.03	19.35	9794745
10/11/2017 16:00:00	19.64	20.34	19.48	19.98	9297248
13/11/2017 16:00:00	20.62	20.75	20.12	20.38	7818252
14/11/2017 16:00:00	20	20.33	19.28	19.96	7492871
15/11/2017 16:00:00	19.42	19.6	18.18	18.46	8652216
16/11/2017 16:00:00	18	18.01	16.62	17.26	8988997
17/11/2017 16:00:00	17.07	19	16.72	18.45	8694472
20/11/2017 16:00:00	18.85	19.25	18.34	18.59	5958274
21/11/2017 16:00:00	18.67	18.75	18.1	18.36	3080223
22/11/2017 16:00:00	18.44	19.41	18.37	19.35	4389729
23/11/2017 16:00:00	19.36	19.58	18.83	18.95	2829018
24/11/2017 16:00:00	19.2	19.24	18.86	19.04	2487294
27/11/2017 16:00:00	19.27	20.01	19.13	19.63	6203636
28/11/2017 16:00:00	20	20.35	17.91	18.85	6768850
29/11/2017 16:00:00	18.54	18.74	17.35	17.51	6053145
30/11/2017 16:00:00	17.18	18.65	17.16	18.43	5064610
01/12/2017 16:00:00	18.6	18.75	17.91	18	2872061
04/12/2017 16:00:00	18.29	18.42	18.01	18.25	1854359
05/12/2017 16:00:00	18.63	19.19	18.28	18.76	4623475
06/12/2017 16:00:00	18.76	18.82	18.17	18.32	2174392
07/12/2017 16:00:00	18.4	18.75	18.13	18.25	1952570
08/12/2017 16:00:00	18.9	19.53	18.72	19.42	4940034
11/12/2017 16:00:00	19.64	20.01	19.2	19.91	4484906
12/12/2017 16:00:00	20.01	20.19	19.66	19.99	3256657
13/12/2017 16:00:00	20	20	19.05	19.18	2914845
14/12/2017 16:00:00	19.2	19.75	19.19	19.53	1744861
15/12/2017 16:00:00	19.6	19.75	19.23	19.52	2216900
18/12/2017 16:00:00	19.83	20.7	19.77	20.62	5717728
19/12/2017 16:00:00	20.65	21.98	20.63	21.85	7521535
20/12/2017 16:00:00	21.99	22.17	20.36	21.13	7329934
21/12/2017 16:00:00	21.08	21.96	20.72	21.9	4113264
22/12/2017 16:00:00	22.23	23.78	21.9	23.12	8794459
27/12/2017 16:00:00	24.6	28.22	24.2	27.77	11676074
28/12/2017 16:00:00	28.14	30.75	27.93	30.41	12813874
29/12/2017 16:00:00	31.09	33.09	25.81	29.74	19420037
02/01/2018 16:00:00	30.69	32.4	30.26	32.37	8770057
03/01/2018 16:00:00	33.55	36.25	32.25	35.9	11560759
04/01/2018 16:00:00	34	34.45	29.07	32.32	14403762
05/01/2018 16:00:00	30	34.85	29.75	34	9517263
08/01/2018 16:00:00	35	39.9	34.7	39.86	13654707
09/01/2018 16:00:00	39.9	44	37.76	42.07	16747912
10/01/2018 16:00:00	43.01	43.98	40.09	41.92	7256447
11/01/2018 16:00:00	40.15	41.25	37.43	37.56	10507434
12/01/2018 16:00:00	35.8	36.3	30.4	32.35	15178020
15/01/2018 16:00:00	30	36.81	29.5	36.5	7973015
16/01/2018 16:00:00	37.89	39.09	35.26	36.52	9812161
17/01/2018 16:00:00	37.73	38.6	36.55	37.61	5631711
18/01/2018 16:00:00	36	37.4	35.62	36.96	6510587
19/01/2018 16:00:00	37.8	38.15	37.12	37.48	3182306
22/01/2018 16:00:00	37.95	38.09	36.44	37.38	4013060
23/01/2018 16:00:00	36.9	37.29	35.85	36.64	3696086
24/01/2018 16:00:00	36	36.44	34.58	34.87	4772843
25/01/2018 16:00:00	34.43	34.73	31.09	31.68	7258766
26/01/2018 16:00:00	31.5	35.1	30.73	35.09	8208428
29/01/2018 16:00:00	35.62	35.63	32.08	33.1	5264466
30/01/2018 16:00:00	31.86	32.75	30.34	30.48	7042155
31/01/2018 16:00:00	30.85	32.28	29.88	31.02	5756387
01/02/2018 16:00:00	30.89	31.77	27	27.55	9444161
02/02/2018 16:00:00	26.7	26.75	23.29	24.11	12169943
05/02/2018 16:00:00	21.51	27.65	20.85	24.21	12608504
06/02/2018 16:00:00	24.96	28.85	24.8	28.8	9828870
07/02/2018 16:00:00	30.76	31.35	26.66	27.62	10058384
08/02/2018 16:00:00	28.07	28.94	26.31	27.15	4615686
09/02/2018 16:00:00	27.22	28.39	25.23	28.17	6876601
12/02/2018 16:00:00	28.18	29.5	26.55	26.9	5096762
13/02/2018 16:00:00	27.1	27.47	26.12	26.72	2828522
14/02/2018 16:00:00	28.19	28.5	27.12	27.15	5538326
15/02/2018 16:00:00	27.69	28.18	27.2	27.99	2984129
16/02/2018 16:00:00	26.91	28.03	26.43	26.5	3969023
20/02/2018 16:00:00	27.38	30	27.01	29.6	8068027
21/02/2018 16:00:00	29.6	29.88	28.12	28.74	4656197
22/02/2018 16:00:00	28.75	29.36	28.26	28.43	2556543
23/02/2018 16:00:00	28.75	28.75	27.71	27.89	2195718
26/02/2018 16:00:00	28.39	28.39	27.06	27.28	2395009
27/02/2018 16:00:00	27.15	27.22	25.61	26.45	4513573
28/02/2018 16:00:00	26.15	27.77	25.68	27.35	4236267
01/03/2018 16:00:00	27.69	29.97	26.99	29.96	6818749
02/03/2018 16:00:00	29.28	29.91	28.63	28.99	5144554
05/03/2018 16:00:00	29.2	32.62	29.11	32.37	8941155
06/03/2018 16:00:00	33.66	34.55	32.62	32.93	9396549
07/03/2018 16:00:00	32.38	33.64	31.19	31.42	5520653
08/03/2018 16:00:00	32	32.55	30.63	31.81	4749404
09/03/2018 16:00:00	32.1	32.31	30.81	30.95	4182101
12/03/2018 16:00:00	31.22	32.51	30.1	32.49	4936194
13/03/2018 16:00:00	32.12	32.49	31.62	31.94	4498294
14/03/2018 16:00:00	31.5	31.84	30.92	31.1	2841001
15/03/2018 16:00:00	31.08	31.98	30.7	31.21	3975421
16/03/2018 16:00:00	31.09	33.06	30.86	32.52	9813990
19/03/2018 16:00:00	32.7	33.91	32.59	33.68	5777831
20/03/2018 16:00:00	33.85	34.25	32.77	32.96	4091009
21/03/2018 16:00:00	32.81	33.69	32.44	33.11	2939093
22/03/2018 16:00:00	32.79	32.94	31.34	31.69	4001609
23/03/2018 16:00:00	33.56	34.15	32.85	33.41	7043426
26/03/2018 16:00:00	34.01	34.5	33.35	34.18	5112383
27/03/2018 16:00:00	34.25	34.71	32.83	33.31	4877001
28/03/2018 16:00:00	33	33.27	31.37	32.25	5396849
29/03/2018 16:00:00	32.3	34.21	31.95	33.66	5261694
02/04/2018 16:00:00	32.79	33.24	31.5	32.01	5266069
03/04/2018 16:00:00	32.21	33.02	27.53	27.99	10177862
04/04/2018 16:00:00	27.31	28.8	25.35	27.64	13509072
05/04/2018 16:00:00	28.35	29.05	27.23	28.49	7526876
06/04/2018 16:00:00	28.01	28.17	26.73	27.69	5612709
09/04/2018 16:00:00	28.05	28.17	25.64	25.74	5809076
10/04/2018 16:00:00	25.5	28	23.88	27.51	11355910
11/04/2018 16:00:00	27.52	28.46	26.87	27.66	5355169
12/04/2018 16:00:00	28.11	28.38	27.48	27.67	2740276
13/04/2018 16:00:00	27.9	30.65	27.47	29.84	6777893
16/04/2018 16:00:00	31.04	31.46	30.45	30.9	4953260
17/04/2018 16:00:00	30.85	31.29	29.55	29.86	3543668
18/04/2018 16:00:00	30.01	30.92	29.59	30.6	3139396
19/04/2018 16:00:00	30.32	30.62	29.64	30.25	3397906
20/04/2018 16:00:00	30.23	30.88	29.89	30.01	3025071
23/04/2018 16:00:00	29.8	30.27	27.96	28.15	4210302
24/04/2018 16:00:00	28.08	28.88	27.74	28.24	2598416
25/04/2018 16:00:00	28.26	28.4	27.05	27.25	2544607
26/04/2018 16:00:00	27.54	27.83	27.03	27.24	1780800
27/04/2018 16:00:00	27.46	27.49	27	27.34	1142556
30/04/2018 16:00:00	27.79	30.12	27.5	30.11	4341591
01/05/2018 16:00:00	29.62	29.94	29.05	29.49	2512671
02/05/2018 16:00:00	29.38	30.7	28.76	29.67	3595883
03/05/2018 16:00:00	29.01	30.4	29.01	29.96	2796123
04/05/2018 16:00:00	30.09	30.59	29.73	29.97	2366089
07/05/2018 16:00:00	30.28	30.92	30.13	30.25	2903025
08/05/2018 16:00:00	30.31	30.79	29.5	29.63	3048177
09/05/2018 16:00:00	29.75	30.22	29.57	29.87	1982589
10/05/2018 16:00:00	30.18	30.18	29.64	29.75	1380550
11/05/2018 16:00:00	29.85	30.55	29.65	30.3	1820827
14/05/2018 16:00:00	31.77	33.33	31.71	32.38	6968308
15/05/2018 16:00:00	32.51	32.78	31.94	32.51	3360690
16/05/2018 16:00:00	32.5	32.86	32.01	32.01	2076632
17/05/2018 16:00:00	32	33.65	31.41	33.14	5279445
18/05/2018 16:00:00	33.27	36.08	33.02	36.04	6417784
22/05/2018 16:00:00	37.9	39.5	36.79	39.44	7385307
23/05/2018 16:00:00	38.5	39.42	37.76	38.76	6617134
24/05/2018 16:00:00	39.9	40	36.24	36.35	7374278
25/05/2018 16:00:00	36.51	37.27	34.66	35	5859416
28/05/2018 16:00:00	34.94	36.82	33.76	36.62	4463716
29/05/2018 16:00:00	35.9	37.75	35.43	36.56	5711346
30/05/2018 16:00:00	37	37.39	36.3	37.07	3709505
31/05/2018 16:00:00	37.33	37.58	36.46	36.74	3398507
01/06/2018 16:00:00	37	37.98	36.71	37.7	3515954
04/06/2018 16:00:00	37.9	39.75	37.78	39.54	5992738
05/06/2018 16:00:00	39.69	41.4	37.95	39.62	9968813
06/06/2018 16:00:00	40.38	41	39.4	40.68	6268600
07/06/2018 16:00:00	40.95	41.12	38.38	39.28	7086692
08/06/2018 16:00:00	38	39.47	37.11	39.32	7156261
11/06/2018 16:00:00	39.25	39.25	38.23	38.34	2966444
12/06/2018 16:00:00	38	39.2	37.55	38.57	3719419
13/06/2018 16:00:00	38.71	39.9	38.42	39.86	3977331
14/06/2018 16:00:00	39.2	39.75	38.48	38.54	3349343
15/06/2018 16:00:00	38.8	39.44	38.52	39.39	2880293
18/06/2018 16:00:00	39.2	40.88	38.97	40.65	4454875
19/06/2018 16:00:00	40.25	43.65	40.21	42.53	9309939
20/06/2018 16:00:00	44.63	45.44	41.75	45.36	13371950
21/06/2018 16:00:00	45.39	48.41	44.7	47.76	12579748
22/06/2018 16:00:00	47.89	48.72	43.4	43.43	12945245
25/06/2018 16:00:00	43.08	44.89	41.08	41.46	8167723
26/06/2018 16:00:00	41.02	42.07	39.9	41.08	7152912
27/06/2018 16:00:00	39.49	40.47	36.33	36.93	10336799
28/06/2018 16:00:00	36.5	40.6	36.17	40.51	10918410
29/06/2018 16:00:00	40.76	41	37.68	38.42	8952524
03/07/2018 16:00:00	39.6	39.91	38.24	38.4	3893029
04/07/2018 16:00:00	38.24	39.02	37.87	38.65	1756128
05/07/2018 16:00:00	39.65	40.2	38.93	39.7	4030088
06/07/2018 16:00:00	39.4	39.75	38.94	39.37	2200404
09/07/2018 16:00:00	39.45	39.66	38.61	38.69	1971733
10/07/2018 16:00:00	38.76	38.87	37.88	38.1	2382856
11/07/2018 16:00:00	37.85	39.4	37.2	38.94	4444514
12/07/2018 16:00:00	39.95	40.06	38.8	38.85	3397166
13/07/2018 16:00:00	38.85	38.95	37.5	37.77	3487733
16/07/2018 16:00:00	37.6	37.72	35.47	36.25	4333754
17/07/2018 16:00:00	36.02	36.1	34.7	34.8	4683305
18/07/2018 16:00:00	34.78	35.77	33.33	34.98	5172289
19/07/2018 16:00:00	34.74	35.3	33.57	33.71	3156066
20/07/2018 16:00:00	33.33	34.15	31.81	31.85	6487621
23/07/2018 16:00:00	32.15	34.56	32.14	33.76	5478288
24/07/2018 16:00:00	34.52	34.52	32.09	33.14	4439329
25/07/2018 16:00:00	33	33.85	32.52	33.32	2313878
26/07/2018 16:00:00	33.15	33.34	32.5	32.79	1970387
27/07/2018 16:00:00	34.28	34.53	33.25	33.55	2857585
30/07/2018 16:00:00	34	34.82	33.54	33.97	2747823
31/07/2018 16:00:00	33.9	34.41	33.38	34.32	2475493
01/08/2018 16:00:00	34.52	34.77	33.51	33.56	2212261
02/08/2018 16:00:00	33.59	34.57	32.85	34.4	2396355
03/08/2018 16:00:00	34.38	34.38	33.52	33.85	1750285
07/08/2018 16:00:00	34.08	34.69	33.87	34.26	2196907
08/08/2018 16:00:00	34.32	36.45	34.32	35.81	3536582
09/08/2018 16:00:00	36.26	37.4	35.92	37.25	3442361
10/08/2018 16:00:00	37.4	37.67	36.52	37	2398282
13/08/2018 16:00:00	37.05	37.25	34.65	35.04	3361158
14/08/2018 16:00:00	34	34.5	32.01	32.15	5075994
15/08/2018 16:00:00	42	43.37	38.17	42.2	18390336
16/08/2018 16:00:00	42.2	43.35	40.46	40.68	8582984
17/08/2018 16:00:00	40	44.23	39.54	44.18	8420398
20/08/2018 16:00:00	44.81	49.14	44.57	49.02	12667293
21/08/2018 16:00:00	50.83	52.48	48.61	50.26	12062896
22/08/2018 16:00:00	49.5	52.5	47.77	52.1	10547029
23/08/2018 16:00:00	52.4	55.92	51.05	54.3	11232110
24/08/2018 16:00:00	55.53	59.8	55.01	58.62	14694061
27/08/2018 16:00:00	62.31	62.79	58.49	60	12584930
28/08/2018 16:00:00	56.75	57.84	53.13	55.9	12932675
29/08/2018 16:00:00	57.53	59.77	56.09	59.77	10153987
30/08/2018 16:00:00	58.15	59.83	56.01	57.68	9987818
31/08/2018 16:00:00	57.98	60.63	57.8	59.64	8365010
04/09/2018 16:00:00	62	69.2	61.19	68.83	13774370
05/09/2018 16:00:00	73.18	74.45	64.2	68.47	20022666
06/09/2018 16:00:00	66.24	67.5	63.03	66.52	8981262
07/09/2018 16:00:00	65.59	69.31	64.2	67.74	7010594
10/09/2018 16:00:00	68.8	70.18	67.42	68.62	5765962
11/09/2018 16:00:00	68.5	68.59	65.54	66.91	5503168
12/09/2018 16:00:00	65.9	67.9	63.36	66.31	5867014
13/09/2018 16:00:00	66.1	66.88	56.9	57.28	8762648
14/09/2018 16:00:00	52.81	62.06	52.8	61.52	9708961
17/09/2018 16:00:00	63.95	65.25	60.55	63.23	5756995
18/09/2018 16:00:00	64.94	68	63.76	67.33	6687764
19/09/2018 16:00:00	70.41	72	59.7	63.46	11693336
20/09/2018 16:00:00	64.99	67.57	62.57	67.57	5434302
21/09/2018 16:00:00	65.49	66.65	63.85	64.46	3951731
24/09/2018 16:00:00	62.64	68.54	62.02	67.95	4581518
25/09/2018 16:00:00	69.94	71.18	68.11	68.25	5473967
26/09/2018 16:00:00	68.68	69.41	66.27	67.64	3244485
27/09/2018 16:00:00	66.51	66.64	63.8	64.3	6171249
28/09/2018 16:00:00	63	66.19	62.75	62.75	3519803
01/10/2018 16:00:00	64.25	65.5	62.01	62.6	2821483
02/10/2018 16:00:00	62.51	63.33	57.6	58.55	3370155
03/10/2018 16:00:00	59.8	63.32	58.98	63.32	3179126
04/10/2018 16:00:00	63.88	64.63	61.34	62.48	3414346
05/10/2018 16:00:00	62.49	63.85	60.14	61.49	2558957
09/10/2018 16:00:00	65	65.14	62.6	63.09	2895761
10/10/2018 16:00:00	62.86	64.99	60.55	62.76	3386947
11/10/2018 16:00:00	61.37	62.98	60.66	61.29	2968447
12/10/2018 16:00:00	62.42	65.12	62.19	64.9	3760369
15/10/2018 16:00:00	65.66	74	65.53	73.75	7647700
16/10/2018 16:00:00	76	76.68	66.31	68.7	8690075
17/10/2018 16:00:00	65.25	68.7	62.78	65.76	5957188
18/10/2018 16:00:00	65.53	68.3	63.42	63.94	3424779
19/10/2018 16:00:00	65.2	66.99	59.61	61.3	5218328
22/10/2018 16:00:00	61.01	62.76	51.99	54.46	7166257
23/10/2018 16:00:00	48.65	55.43	48.12	53.63	8142138
24/10/2018 16:00:00	55.2	55.65	49.08	49.54	4500186
25/10/2018 16:00:00	49	53.65	48.94	51.53	4147561
26/10/2018 16:00:00	50.64	52.79	49.25	50.63	3113876
29/10/2018 16:00:00	51.4	52	42.5	43.48	5494084
30/10/2018 16:00:00	42	45.85	41.8	44.42	6205527
31/10/2018 16:00:00	46.37	49.17	45.46	48.43	4925426
01/11/2018 16:00:00	48.93	50.06	46.89	48.46	4031383
02/11/2018 16:00:00	49.02	50	47.03	48.92	3026780
05/11/2018 16:00:00	48.96	52.78	47.59	52.53	4749058
06/11/2018 16:00:00	52.88	57.74	51.44	56.14	16834954
07/11/2018 16:00:00	58.15	61.25	54.09	60.61	8056444
08/11/2018 16:00:00	58.21	59.2	55.27	56	5178768
09/11/2018 16:00:00	54.5	54.5	51.15	51.49	4933902
12/11/2018 16:00:00	52.43	53.5	49.4	51.89	3285337
13/11/2018 16:00:00	50.74	52.97	50.66	50.89	3271815
14/11/2018 16:00:00	46.73	49.11	42.5	45.14	7302656
15/11/2018 16:00:00	45	48.78	43.85	46.44	5207194
16/11/2018 16:00:00	46.02	47.6	45.45	46.32	3062056
19/11/2018 16:00:00	45.98	46.35	42.54	43.1	3428455
20/11/2018 16:00:00	40.2	44.4	40	42.52	4932555
21/11/2018 16:00:00	43.58	45.94	43.58	44.64	3012132
22/11/2018 16:00:00	44.8	44.83	43.2	44.3	1076874
23/11/2018 16:00:00	43.82	46.1	43.82	44.37	1932592
26/11/2018 16:00:00	45.45	45.75	41.6	41.71	2743794
27/11/2018 16:00:00	41.79	43.2	41.08	42.14	2614084
28/11/2018 16:00:00	42.98	45.1	42.98	45.1	3222268
29/11/2018 16:00:00	44.71	45.28	42.98	44.2	2879296
30/11/2018 16:00:00	44.01	45.15	43.08	45.15	2531172
03/12/2018 16:00:00	45.54	46.42	42.66	44.07	4067468
04/12/2018 16:00:00	43.33	43.76	41.36	41.72	2939444
05/12/2018 16:00:00	41.11	42.84	36.36	37.51	4528122
06/12/2018 16:00:00	38.49	41.03	37.66	40.35	5257971
07/12/2018 16:00:00	42.9	43.3	40.97	41.75	3815317
10/12/2018 16:00:00	41.99	42.94	40.45	41.7	2552040
11/12/2018 16:00:00	42.37	44.69	41.76	44.3	3545206
12/12/2018 16:00:00	44.86	44.89	42.73	42.84	2575677
13/12/2018 16:00:00	43.53	43.67	40.8	41.1	2383126
14/12/2018 16:00:00	40.61	42.91	39.8	41.47	2466842
17/12/2018 16:00:00	40.85	41.9	39	39.29	2174422
18/12/2018 16:00:00	40	40.36	38.13	39.49	2274237
19/12/2018 16:00:00	39.35	40.14	37.65	37.8	2219805
20/12/2018 16:00:00	37.46	38.8	36.22	37.28	2580975
21/12/2018 16:00:00	38.25	38.44	35.05	36	2935273
24/12/2018 14:30:00	34.65	37.44	34.36	36.34	1856494
27/12/2018 16:00:00	37.1	37.6	34.97	36.45	1863393
28/12/2018 16:00:00	36.92	38.23	35.75	37.25	2276592
31/12/2018 16:00:00	37.53	37.85	36.19	36.61	1354914
02/01/2019 16:00:00	36	39.84	35.84	39.28	2309761
03/01/2019 16:00:00	38.96	39.54	37.76	37.76	2017802
04/01/2019 16:00:00	38.47	38.92	37.67	37.94	1703352
07/01/2019 16:00:00	38.14	39.5	37.73	38.3	1742019
08/01/2019 16:00:00	38.99	39.51	37.27	39.27	2257299
09/01/2019 16:00:00	40.2	44.7	39.7	44.5	5304111
10/01/2019 16:00:00	45.62	50.34	44.03	49.82	8258846
11/01/2019 16:00:00	49.21	53.17	48.53	50.78	6258935
14/01/2019 16:00:00	50.53	57.79	48.91	56.45	9155967
15/01/2019 16:00:00	57.25	59.51	54.21	54.9	8684812
16/01/2019 16:00:00	55	56.55	53.74	55.68	3941906
17/01/2019 16:00:00	54.89	58.94	54.33	56.97	5485012
18/01/2019 16:00:00	58.3	59.95	57.22	57.8	4645974
21/01/2019 16:00:00	58.35	58.39	56.6	57.45	1548691
22/01/2019 16:00:00	57.96	59.48	57.11	58.25	4086560
23/01/2019 16:00:00	58.59	59.59	56.84	58.15	3293807
24/01/2019 16:00:00	57.51	59.06	57.46	59.02	2847499
25/01/2019 16:00:00	61.31	64.91	60.65	64.1	7179815
28/01/2019 16:00:00	63.54	67.62	63.13	67.22	6209117
29/01/2019 16:00:00	66.61	67.44	61.21	62.54	5301375
30/01/2019 16:00:00	62.78	65.27	61.83	63.09	3973884
31/01/2019 16:00:00	63.61	64.91	62.7	64.42	3056085
01/02/2019 16:00:00	64.95	66.17	63.83	63.9	3424851
04/02/2019 16:00:00	64.5	67.99	64.19	65.3	4464325
05/02/2019 16:00:00	64.7	65.52	62.51	63.76	2720594
06/02/2019 16:00:00	62.11	62.79	58.88	61.38	3094394
07/02/2019 16:00:00	59.66	63.5	59.55	62.35	2344121
08/02/2019 16:00:00	61.67	62.3	60.04	60.23	1743274
11/02/2019 16:00:00	60.78	60.84	56	57.18	2973008
12/02/2019 16:00:00	55.79	59.47	55.23	58.32	2724850
13/02/2019 16:00:00	59.4	61.85	59.06	61.1	2736818
14/02/2019 16:00:00	62.36	62.63	59.62	61.28	2704563
15/02/2019 16:00:00	64.73	66.02	61.69	62.81	4837873
19/02/2019 16:00:00	61.65	62.3	60.55	61.08	3308556
20/02/2019 16:00:00	61.01	62.24	60.36	60.8	2984769
21/02/2019 16:00:00	59.5	60.54	59.1	59.41	2485858
22/02/2019 16:00:00	60	60.33	58.03	58.51	2831307
25/02/2019 16:00:00	58.24	58.5	56.49	57.8	2038556
26/02/2019 16:00:00	57.53	60.95	57.26	60.8	2661183
27/02/2019 16:00:00	60.9	61.12	59.34	60.17	2115638
28/02/2019 16:00:00	61.89	63.25	61.71	62.38	4139204
01/03/2019 16:00:00	63.29	63.65	62.06	62.53	2091701
04/03/2019 16:00:00	63.2	63.59	60.85	62.39	2540376
05/03/2019 16:00:00	61.51	64.32	61.51	64.06	2823234
06/03/2019 16:00:00	63.48	65.41	61.75	61.91	3208321
07/03/2019 16:00:00	61.91	61.97	59.7	60.61	2322631
08/03/2019 16:00:00	59	61.1	58.66	60.81	1732968
11/03/2019 16:00:00	60.99	61.89	60.17	61.48	1476919
12/03/2019 16:00:00	61.28	64.19	61.19	62.36	3067199
13/03/2019 16:00:00	63.54	63.98	60.96	61.37	2655678
14/03/2019 16:00:00	61.35	61.94	59.9	60.59	2559068
15/03/2019 16:00:00	60.98	61.24	60.15	60.87	2241903
18/03/2019 16:00:00	61.09	62.17	60.24	61	2438978
19/03/2019 16:00:00	61.35	62	60.5	61.35	2229549
20/03/2019 16:00:00	61.32	64.76	60.86	62.3	5244042
21/03/2019 16:00:00	62.89	63.85	61.13	61.5	2484557
22/03/2019 16:00:00	61.34	61.81	59.5	59.54	2788469
25/03/2019 16:00:00	60.2	60.7	58.24	59.14	3032058
26/03/2019 16:00:00	59.71	59.87	58.5	59.73	1572352
27/03/2019 16:00:00	59.46	60.06	56.54	57.49	2389096
28/03/2019 16:00:00	56.77	57.83	54.48	56.89	2004675
29/03/2019 16:00:00	56.99	58.16	56.3	57.82	1431719
01/04/2019 16:00:00	58.1	58.2	56.4	56.76	2134017
02/04/2019 16:00:00	56.5	57.6	56.01	57.6	1233930
03/04/2019 16:00:00	57.4	58.69	57.04	58.28	2035264
04/04/2019 16:00:00	58.12	58.97	57.21	57.72	1360617
05/04/2019 16:00:00	58.38	58.54	57.78	58	1169802
08/04/2019 16:00:00	57.27	57.85	56.33	56.9	1140518
09/04/2019 16:00:00	56.2	56.87	54.87	55.7	1563583
10/04/2019 16:00:00	55.06	56.77	55.06	56.18	1131618
11/04/2019 16:00:00	56.1	56.42	53.05	53.45	2292889
12/04/2019 16:00:00	55.1	56.82	55.04	56.31	2915576
15/04/2019 16:00:00	55.74	55.99	54	54.4	1803667
16/04/2019 16:00:00	54.65	57.72	54.65	55.55	2844398
17/04/2019 16:00:00	57.4	57.75	55.95	57.11	10020048
18/04/2019 16:00:00	61.66	63.85	59.14	59.64	5259853
22/04/2019 16:00:00	61.26	64.99	60.25	64.37	4572129
23/04/2019 16:00:00	64.66	65.28	62.81	63.56	3779056
24/04/2019 16:00:00	63.5	65.58	62.7	65.21	2705337
25/04/2019 16:00:00	65	65.49	64.1	65.06	1528643
26/04/2019 16:00:00	64.9	67.88	64.77	67.14	3389006
29/04/2019 16:00:00	67	70.71	66.06	69.9	4425571
30/04/2019 16:00:00	69.97	70.98	67.52	67.67	2515640
01/05/2019 16:00:00	67.92	69.3	67.28	68.19	2156795
02/05/2019 16:00:00	67.8	68.19	63.64	65.22	3390533
03/05/2019 16:00:00	66.09	66.5	65.25	65.83	1426108
06/05/2019 16:00:00	63.69	66.2	63.38	66.15	1189086
07/05/2019 16:00:00	65.5	65.86	63.63	64.03	1742892
08/05/2019 16:00:00	64.04	65.29	63.65	64.55	1316110
09/05/2019 16:00:00	64.3	64.7	62.29	63.05	1589521
10/05/2019 16:00:00	62.75	63.73	61.63	63.69	1771631
13/05/2019 16:00:00	62.36	63	58.87	58.88	2760911
14/05/2019 16:00:00	60.26	61.65	60.11	60.95	1655367
15/05/2019 16:00:00	60.99	61.72	59.57	61.01	1634143